,Elapsed Time,EMG
0,00:00:00,5.432316422462469
1,00:00:00.004,-5.15903985500336
2,00:00:00.008,-4.31955778598785
3,00:00:00.012,-0.465895235538483
4,00:00:00.016,2.247315943241119
5,00:00:00.02,2.6800656914711
6,00:00:00.024,1.6048449575901031
7,00:00:00.028,0.2145804613828659
8,00:00:00.032,-0.7359302341938021
9,00:00:00.036,-1.105769872665405
10,00:00:00.04,-0.7869961112737651
11,00:00:00.044,-0.2875057160854342
12,00:00:00.048,0.1358535066246987
13,00:00:00.052,0.30650014430284517
14,00:00:00.056,0.2874332815408709
15,00:00:00.06,0.14351610839366907
16,00:00:00.064,-0.03216613503172987
17,00:00:00.068,-0.06264452449977398
18,00:00:00.072,-0.05483188913785853
19,00:00:00.076,-0.0617637587711215
20,00:00:00.08,-0.04539855080656704
21,00:00:00.084,0.002714092872338372
22,00:00:00.088,0.06259826151654127
23,00:00:00.092,0.00242854561656718
24,00:00:00.096,-0.017109261360019494
25,00:00:00.1,0.015329948975704565
26,00:00:00.104,0.05241903755813836
27,00:00:00.108,-0.04250691365450618
28,00:00:00.112,-0.03651794232428074
29,00:00:00.116,0.032102653116453425
30,00:00:00.12,-0.00885776494396852
31,00:00:00.124,0.0014670456293970381
32,00:00:00.128,0.02018538722768426
33,00:00:00.132,-0.03478570794686671
34,00:00:00.136,-0.0334654608741403
35,00:00:00.14,0.04433049203362323
36,00:00:00.144,0.03745983820408581
37,00:00:00.148,0.00461786240339277
38,00:00:00.152,-0.024592639878392192
39,00:00:00.156,-0.027104828855954152
40,00:00:00.16,-0.011546561610884996
41,00:00:00.164,0.01887369924224913
42,00:00:00.168,0.01082085724920035
43,00:00:00.172,0.0006207902624737428
44,00:00:00.176,-0.01274897961411626
45,00:00:00.18,-0.02127693966031075
46,00:00:00.184,0.02670108526945115
47,00:00:00.188,0.04230927675962449
48,00:00:00.192,0.03704976383596659
49,00:00:00.196,-0.0675968565046788
50,00:00:00.2,-0.069173775613308
51,00:00:00.204,-0.0041572926566005
52,00:00:00.208,0.0299815735779703
53,00:00:00.212,0.06328763952478769
54,00:00:00.216,0.038758872076869
55,00:00:00.22,-0.060905509628355586
56,00:00:00.224,-0.013571821153163896
57,00:00:00.228,-0.00572493113577365
58,00:00:00.232,0.014481036923825751
59,00:00:00.236,-0.003907674457877848
60,00:00:00.24,-0.006230997387319798
61,00:00:00.244,-0.012164058629423382
62,00:00:00.248,0.02103479043580588
63,00:00:00.252,0.017538955726195116
64,00:00:00.256,-0.0011331128189340303
65,00:00:00.26,-0.0041091465391218315
66,00:00:00.264,-0.02651360072195532
67,00:00:00.268,0.00403198518324644
68,00:00:00.272,-0.014475222676992389
69,00:00:00.276,0.034053087001666475
70,00:00:00.28,0.0034231098397867715
71,00:00:00.284,-0.02189638011623176
72,00:00:00.288,0.004378676647320328
73,00:00:00.292,0.03296148637309662
74,00:00:00.296,0.00035459614446151804
75,00:00:00.3,-0.059899600921198684
76,00:00:00.304,-0.031712377443909624
77,00:00:00.308,0.0682849548757076
78,00:00:00.312,0.03304797038435942
79,00:00:00.316,-0.01895031286403534
80,00:00:00.32,-0.02339819632470607
81,00:00:00.324,-0.014842108823358988
82,00:00:00.328,0.012194718699902251
83,00:00:00.332,0.0053665910381823795
84,00:00:00.336,-0.0033928907942026897
85,00:00:00.34,0.03202600546501343
86,00:00:00.344,-0.01066286442801354
87,00:00:00.348,-0.011535910191014399
88,00:00:00.352,-0.06359316594898698
89,00:00:00.356,0.038257554173469564
90,00:00:00.36,0.036337566561996965
91,00:00:00.364,0.005551409441977739
92,00:00:00.368,0.02011774480342859
93,00:00:00.372,-0.055637573124840835
94,00:00:00.376,-0.04352106153964996
95,00:00:00.38,0.04286454245448112
96,00:00:00.384,0.055352845229208414
97,00:00:00.388,0.02639298420399427
98,00:00:00.392,-0.05843372747767711
99,00:00:00.396,-0.07666945271193978
100,00:00:00.4,-0.0028524149674922505
101,00:00:00.404,0.040502339135855464
102,00:00:00.408,0.069136155769229
103,00:00:00.412,0.03336997213773434
104,00:00:00.416,-0.020685502095147947
105,00:00:00.42,-0.09035916067659859
106,00:00:00.424,0.004938810132443901
107,00:00:00.428,0.006503344513475902
108,00:00:00.432,0.02758276183158161
109,00:00:00.436,0.04783082939684391
110,00:00:00.44,-0.037645513191819205
111,00:00:00.444,-0.04069253429770461
112,00:00:00.448,-0.007211913587525482
113,00:00:00.452,0.02442032517865305
114,00:00:00.456,0.021892534510698218
115,00:00:00.46,0.03902290342375644
116,00:00:00.464,-0.029588463483378284
117,00:00:00.468,-0.00439888378605244
118,00:00:00.472,-0.018199099184130284
119,00:00:00.476,-0.0450122312176973
120,00:00:00.48,0.02895314013585444
121,00:00:00.484,-0.002224241383373739
122,00:00:00.488,0.03799385158345108
123,00:00:00.492,0.01501845521852373
124,00:00:00.496,-0.007401672890409831
125,00:00:00.5,-0.014877305598929521
126,00:00:00.504,-0.01217010046821086
127,00:00:00.508,-0.01775205065496266
128,00:00:00.512,-0.0474480204284191
129,00:00:00.516,0.06701712775975467
130,00:00:00.52,0.0546200135722756
131,00:00:00.524,-0.0089714135974646
132,00:00:00.528,-0.02292645070701835
133,00:00:00.532,-0.0733308438211679
134,00:00:00.536,0.02933501778170466
135,00:00:00.54,0.039314936846494807
136,00:00:00.544,0.0032823912333696595
137,00:00:00.548,-0.028925353195518262
138,00:00:00.552,-0.0051848031580447995
139,00:00:00.556,-0.0035463469102978693
140,00:00:00.56,0.026963335578329903
141,00:00:00.564,0.03245436958968641
142,00:00:00.568,-0.0288647646084429
143,00:00:00.572,-0.0537448804825544
144,00:00:00.576,0.02303685573861001
145,00:00:00.58,0.02383069414645434
146,00:00:00.584,0.009650109335780109
147,00:00:00.588,-0.017703696445096322
148,00:00:00.592,0.02177260443568232
149,00:00:00.596,-0.011792199948104076
150,00:00:00.6,-0.04201433388516306
151,00:00:00.604,0.00899402709910646
152,00:00:00.608,0.03181650163605809
153,00:00:00.612,0.02143836196046319
154,00:00:00.616,-0.010418302379548553
155,00:00:00.62,-0.010130362599738875
156,00:00:00.624,-0.01596322981640701
157,00:00:00.628,0.004045159439556301
158,00:00:00.632,-0.004155836650170391
159,00:00:00.636,-0.016740512102842282
160,00:00:00.64,0.02222150511806832
161,00:00:00.644,0.008217315596994018
162,00:00:00.648,0.006945232846192128
163,00:00:00.652,0.018683444883208753
164,00:00:00.656,-0.004229620564728993
165,00:00:00.66,-0.04702579230070118
166,00:00:00.664,-0.006332482211291797
167,00:00:00.668,0.01805161405354734
168,00:00:00.672,0.014477791264653199
169,00:00:00.676,-0.018959610490128412
170,00:00:00.68,0.00550247053615747
171,00:00:00.684,0.03023237007437273
172,00:00:00.688,-0.008539119939086964
173,00:00:00.692,-0.04146171314641838
174,00:00:00.696,0.03053157217800617
175,00:00:00.7,0.00992248416878284
176,00:00:00.704,-0.007026695879176259
177,00:00:00.708,0.02158965496346354
178,00:00:00.712,-0.030425178585574045
179,00:00:00.716,-0.013404996192548427
180,00:00:00.72,-0.01380179333500563
181,00:00:00.724,0.005057044327259071
182,00:00:00.728,0.05835749767720702
183,00:00:00.732,-0.0088250208646059
184,00:00:00.736,-0.013920093537308293
185,00:00:00.74,-0.044068584218621254
186,00:00:00.744,0.0204157922416925
187,00:00:00.748,0.05305732786655423
188,00:00:00.752,-0.02384056570008392
189,00:00:00.756,-0.029292135266587135
190,00:00:00.76,0.00612692534923552
191,00:00:00.764,-0.025565201474819353
192,00:00:00.768,0.03073578700423245
193,00:00:00.772,0.0169826010242104
194,00:00:00.776,-0.04055591695941985
195,00:00:00.78,0.03345774312037983
196,00:00:00.784,0.0050901653012260795
197,00:00:00.788,0.014473257819190628
198,00:00:00.792,-0.00010343268513678984
199,00:00:00.796,-0.035594621673226357
200,00:00:00.8,-0.020551568944938464
201,00:00:00.804,0.015245818067341958
202,00:00:00.808,0.0018041897565125968
203,00:00:00.812,0.024420532958174576
204,00:00:00.816,-0.009241363033652203
205,00:00:00.82,0.00607325369492173
206,00:00:00.824,-0.011866558430483513
207,00:00:00.828,-0.006499736860860142
208,00:00:00.832,0.012434714124538008
209,00:00:00.836,0.01697883033193653
210,00:00:00.84,-0.018630924969329544
211,00:00:00.844,-0.029788636602461352
212,00:00:00.848,0.032685723970644134
213,00:00:00.852,0.015745655633509152
214,00:00:00.856,-0.021816128108184788
215,00:00:00.86,-0.027584725059568903
216,00:00:00.864,0.00829841219820083
217,00:00:00.868,0.0320541281253099
218,00:00:00.872,-0.0015474871033802602
219,00:00:00.876,0.006040521897375579
220,00:00:00.88,-0.00022861125762574093
221,00:00:00.884,-0.0004191191401332218
222,00:00:00.888,-0.04532606992870571
223,00:00:00.892,0.0190440556034446
224,00:00:00.896,0.005949148559011516
225,00:00:00.9,-0.01055566780269147
226,00:00:00.904,0.015275306999683361
227,00:00:00.908,0.01136265881359575
228,00:00:00.912,0.03799330792389806
229,00:00:00.916,-0.0127914883196354
230,00:00:00.92,-0.05608594138175246
231,00:00:00.924,-0.02158014383167028
232,00:00:00.928,0.01502115402399793
233,00:00:00.932,0.0034064017527271114
234,00:00:00.936,0.023782457225024596
235,00:00:00.94,0.03627904993481942
236,00:00:00.944,-0.002013537334278219
237,00:00:00.948,-0.061086089815944426
238,00:00:00.952,0.015926673775538833
239,00:00:00.956,0.018383646383881604
240,00:00:00.96,-0.01844981161411847
241,00:00:00.964,0.02358236745931206
242,00:00:00.968,-0.005063968652393673
243,00:00:00.972,-0.03329928312450646
244,00:00:00.976,0.011816654063295585
245,00:00:00.98,0.01827010652050382
246,00:00:00.984,0.013106364756822588
247,00:00:00.988,-0.0035508130677044496
248,00:00:00.992,-0.01037022564560175
249,00:00:00.996,-0.004777578171342631
250,00:00:01,-0.00972124771215022
251,00:00:01.004,-0.006305506743956331
252,00:00:01.008,0.025449256994761506
253,00:00:01.012,-0.001355493091978131
254,00:00:01.016,-0.03046866739168766
255,00:00:01.02,0.01687355432659387
256,00:00:01.024,0.01776795461773871
257,00:00:01.028,0.0065662643173709494
258,00:00:01.032,0.010394899640232321
259,00:00:01.036,-0.02478751447051762
260,00:00:01.04,-0.033909310586750535
261,00:00:01.044,-0.01861341716721651
262,00:00:01.048,0.02639608178287748
263,00:00:01.052,0.0360226472839713
264,00:00:01.056,0.03998336358927192
265,00:00:01.06,-0.01946173445321621
266,00:00:01.064,-0.04312924528494472
267,00:00:01.068,-0.011429828358814119
268,00:00:01.072,-0.005986253789160358
269,00:00:01.076,0.021197149762883827
270,00:00:01.08,0.015893407282419468
271,00:00:01.084,-0.0013603080296888997
272,00:00:01.088,-0.02921538753435012
273,00:00:01.092,0.00627540377900004
274,00:00:01.096,0.061430000001564636
275,00:00:01.1,-0.016345767340681053
276,00:00:01.104,-0.046531938482075916
277,00:00:01.108,-0.0096683287993073
278,00:00:01.112,0.00142719666473568
279,00:00:01.116,-0.0010708977570175714
280,00:00:01.12,0.010346497991122304
281,00:00:01.124,0.04631371051073065
282,00:00:01.128,0.02911973558366299
283,00:00:01.132,-0.050627158489078256
284,00:00:01.136,-0.05603651364799592
285,00:00:01.14,-0.009006268315715715
286,00:00:01.144,0.0475389705970884
287,00:00:01.148,0.026968901976942974
288,00:00:01.152,0.02406448416877545
289,00:00:01.156,-0.0138895190320909
290,00:00:01.16,-0.043400807306170505
291,00:00:01.164,-0.027284943615086394
292,00:00:01.168,0.07020571734756226
293,00:00:01.172,-0.0311150210909545
294,00:00:01.176,-0.034308013040572426
295,00:00:01.18,0.006115687079727709
296,00:00:01.184,0.03382185520604253
297,00:00:01.188,0.03111846093088391
298,00:00:01.192,0.00867737398948518
299,00:00:01.196,-0.0346383964642882
300,00:00:01.2,-0.056661437265575
301,00:00:01.204,0.00024203862994911715
302,00:00:01.208,0.04132064944133167
303,00:00:01.212,0.05272538308054216
304,00:00:01.216,-0.00819371151737861
305,00:00:01.22,-0.0442297207191587
306,00:00:01.224,-0.002331519499421149
307,00:00:01.228,-0.04253298882395028
308,00:00:01.232,0.02687046397477389
309,00:00:01.236,0.03358890814706681
310,00:00:01.24,0.015402136370539655
311,00:00:01.244,-0.0140675117727369
312,00:00:01.248,-0.00537935039028525
313,00:00:01.252,0.005912304914090786
314,00:00:01.256,-0.015926162090181595
315,00:00:01.26,0.0018740696832538007
316,00:00:01.264,-0.00923714530654252
317,00:00:01.268,-0.010703401960199735
318,00:00:01.272,0.02978826407343146
319,00:00:01.276,-0.0035466463305056112
320,00:00:01.28,-0.0090893292799592
321,00:00:01.284,0.01263058790937065
322,00:00:01.288,-0.020130607299506657
323,00:00:01.292,0.009812317090109001
324,00:00:01.296,0.04334597615525126
325,00:00:01.3,-0.013121662661433215
326,00:00:01.304,-0.06939885066822174
327,00:00:01.308,-0.0023342331405729003
328,00:00:01.312,0.0240304386243224
329,00:00:01.316,0.03416289854794738
330,00:00:01.32,-0.00433175361831676
331,00:00:01.324,0.00958926824387164
332,00:00:01.328,0.003443906549364339
333,00:00:01.332,-0.010191707871854302
334,00:00:01.336,-0.04197972849942744
335,00:00:01.34,-0.007666357065318148
336,00:00:01.344,0.055261823348701104
337,00:00:01.348,0.01070628431625668
338,00:00:01.352,-0.024274226161651362
339,00:00:01.356,-0.01066285092383622
340,00:00:01.36,-0.01339773833751676
341,00:00:01.364,0.002928589703515181
342,00:00:01.368,0.019300736603327137
343,00:00:01.372,0.018835525494068868
344,00:00:01.376,-0.01989469700492916
345,00:00:01.38,-0.012984231347218189
346,00:00:01.384,0.0014832707238383645
347,00:00:01.388,0.0026784726505865893
348,00:00:01.392,0.04918535007163877
349,00:00:01.396,-0.02793438220396641
350,00:00:01.4,-0.058726344257593086
351,00:00:01.404,0.01287765952292833
352,00:00:01.408,0.021099158562719898
353,00:00:01.412,0.037427718751132495
354,00:00:01.416,-0.00458187377080321
355,00:00:01.42,-0.005384399322792888
356,00:00:01.424,-0.019675333518534892
357,00:00:01.428,-0.04305105726234622
358,00:00:01.432,0.05445889383554461
359,00:00:01.436,0.016323343850672203
360,00:00:01.44,-0.012851986568421169
361,00:00:01.444,-0.02471647714264692
362,00:00:01.448,-0.00890297000296413
363,00:00:01.452,0.0088529371569166
364,00:00:01.456,0.002354412863496692
365,00:00:01.46,0.04707959806546565
366,00:00:01.464,-0.013967364277959894
367,00:00:01.468,-0.012931571807712358
368,00:00:01.472,-0.03481365879997603
369,00:00:01.476,0.00387769378721722
370,00:00:01.48,0.02641936682630329
371,00:00:01.484,-0.02838006638921795
372,00:00:01.488,-0.00783973187208175
373,00:00:01.492,0.035614291206002284
374,00:00:01.496,0.03679726086556911
375,00:00:01.5,-0.0009186984971165987
376,00:00:01.504,-0.01584677910432224
377,00:00:01.508,-0.0523336473852397
378,00:00:01.512,-0.02130452386336401
379,00:00:01.516,0.028014421928674014
380,00:00:01.52,0.02454926818609241
381,00:00:01.524,0.009669653605669733
382,00:00:01.528,0.005545119929593058
383,00:00:01.532,-0.022068162332288963
384,00:00:01.536,-0.0074925995431840385
385,00:00:01.54,0.01175620150752365
386,00:00:01.544,0.019883910194039296
387,00:00:01.548,0.011969577928539397
388,00:00:01.552,-0.03720658319070938
389,00:00:01.556,-0.06141570117324594
390,00:00:01.56,0.03250129020307221
391,00:00:01.564,0.057667642831802424
392,00:00:01.568,0.01926254655700173
393,00:00:01.572,-0.014554544351994903
394,00:00:01.576,-0.0742679815739393
395,00:00:01.58,-0.022359864320605993
396,00:00:01.584,0.07705931738018991
397,00:00:01.588,0.047350432723760605
398,00:00:01.592,-0.019437475595623248
399,00:00:01.596,-0.028498062863945958
400,00:00:01.6,-0.026810674928128712
401,00:00:01.604,-0.01557220635004346
402,00:00:01.608,-0.00018121812900062087
403,00:00:01.612,0.025614822283387222
404,00:00:01.616,0.02339137298986314
405,00:00:01.62,0.015101202647201762
406,00:00:01.624,-0.014916322194039778
407,00:00:01.628,-0.0413625529035925
408,00:00:01.632,0.02413371531292792
409,00:00:01.636,0.024773921817541098
410,00:00:01.64,-0.022026105783879743
411,00:00:01.644,-0.02697676559910171
412,00:00:01.648,0.011893360409885648
413,00:00:01.652,0.016187326982617423
414,00:00:01.656,-0.017333169118501263
415,00:00:01.66,0.032646372914314215
416,00:00:01.664,0.022713386453688096
417,00:00:01.668,-0.033446927787736024
418,00:00:01.672,-0.04307961743324995
419,00:00:01.676,-0.009017476579174401
420,00:00:01.68,0.03171094437129794
421,00:00:01.684,0.041882998193614226
422,00:00:01.688,0.01147482020314783
423,00:00:01.692,-0.008953183161793282
424,00:00:01.696,-0.0337121817283333
425,00:00:01.7,-0.0324966069310904
426,00:00:01.704,-0.0067642731592059005
427,00:00:01.708,0.03325176401995119
428,00:00:01.712,0.028446989455915145
429,00:00:01.716,0.02092394605278969
430,00:00:01.72,-0.02414011768996719
431,00:00:01.724,-0.045197118190117166
432,00:00:01.728,-0.020964351948350668
433,00:00:01.732,0.06432381831109531
434,00:00:01.736,0.009488829527981548
435,00:00:01.74,-0.02437860367354005
436,00:00:01.744,0.0022829723602626507
437,00:00:01.748,0.01739412895403807
438,00:00:01.752,-0.028338811360299542
439,00:00:01.756,-0.029042800888419172
440,00:00:01.76,0.045451950281858416
441,00:00:01.764,-0.008643861568998556
442,00:00:01.768,0.010362760978750881
443,00:00:01.772,0.010110016446560616
444,00:00:01.776,-0.01527668826747691
445,00:00:01.78,-0.03651515021920203
446,00:00:01.784,0.00762778334319591
447,00:00:01.788,0.0446840487420559
448,00:00:01.792,0.015634313283953816
449,00:00:01.796,-0.022890333377290475
450,00:00:01.8,-0.027194882743060547
451,00:00:01.804,0.003181012347340582
452,00:00:01.808,0.007573147304356098
453,00:00:01.812,-0.01691321807447821
454,00:00:01.816,0.015598766505718209
455,00:00:01.82,0.006336218852084095
456,00:00:01.824,0.02191317314282064
457,00:00:01.828,-0.041609413456171696
458,00:00:01.832,0.014313240768387924
459,00:00:01.836,0.03300765226595104
460,00:00:01.84,-0.0107978703454137
461,00:00:01.844,-0.024717318243347157
462,00:00:01.848,-0.015104855876416003
463,00:00:01.852,-0.006514987209811801
464,00:00:01.856,0.021466055419295964
465,00:00:01.86,0.02042118087410932
466,00:00:01.864,0.00748932268470527
467,00:00:01.868,-0.01499544875696298
468,00:00:01.872,-0.006449287990108122
469,00:00:01.876,0.0030481272842734983
470,00:00:01.88,-0.031961307395249564
471,00:00:01.884,0.0005731303244829698
472,00:00:01.888,0.044592083897441556
473,00:00:01.892,0.037892294232733534
474,00:00:01.896,-0.02061134949326522
475,00:00:01.9,-0.06889139674603939
476,00:00:01.904,0.005728410556912429
477,00:00:01.908,-0.00912217202130705
478,00:00:01.912,0.037893873639404774
479,00:00:01.916,0.031172655842965524
480,00:00:01.92,0.01107900543138382
481,00:00:01.924,-0.03915653936564929
482,00:00:01.928,-0.031393650919199025
483,00:00:01.932,0.010299395769834612
484,00:00:01.936,0.00530547508969903
485,00:00:01.94,0.02646122034639116
486,00:00:01.944,0.01303270267089826
487,00:00:01.948,-0.02547213202342392
488,00:00:01.952,-0.008431804832071071
489,00:00:01.956,0.005218719365075229
490,00:00:01.96,0.0004214448417769732
491,00:00:01.964,0.006690348964184521
492,00:00:01.968,-0.0109390127472579
493,00:00:01.972,0.02303478268731853
494,00:00:01.976,-0.01467180671170356
495,00:00:01.98,-0.007190824049757804
496,00:00:01.984,-0.011834909266326582
497,00:00:01.988,-0.00267807743512091
498,00:00:01.992,0.004314089426770811
499,00:00:01.996,0.030365552753210047
500,00:00:02,0.04126333585008976
501,00:00:02.004,-0.00919066392816607
502,00:00:02.008,-0.06955741543788468
503,00:00:02.012,-0.041220242157578524
504,00:00:02.016,0.02482244931161407
505,00:00:02.02,0.0382625004276633
506,00:00:02.024,0.005414526909589802
507,00:00:02.028,0.044349392876029015
508,00:00:02.032,-0.004549968056380679
509,00:00:02.036,-0.04613694455474619
510,00:00:02.04,-0.02722950815223161
511,00:00:02.044,0.017721759155392626
512,00:00:02.048,-0.007170005235821011
513,00:00:02.052,-0.01273808162659411
514,00:00:02.056,0.046080410480499226
515,00:00:02.06,0.01649788557551801
516,00:00:02.064,-0.012355748564004943
517,00:00:02.068,-0.02003828808665279
518,00:00:02.072,-0.01352476142346855
519,00:00:02.076,-0.0005621286109089903
520,00:00:02.08,0.020085407013539232
521,00:00:02.084,0.01970405085012317
522,00:00:02.088,-0.028502698289230487
523,00:00:02.092,-0.02283972082659606
524,00:00:02.096,0.003953012521378694
525,00:00:02.1,0.008660667110234499
526,00:00:02.104,0.04823691025376312
527,00:00:02.108,0.005926502693910103
528,00:00:02.112,-0.031006501521915152
529,00:00:02.116,-0.012917503714561499
530,00:00:02.12,-0.03334095666650682
531,00:00:02.124,0.013485890813171902
532,00:00:02.128,0.02696105465292928
533,00:00:02.132,0.024684479227289582
534,00:00:02.136,-0.02151470212265851
535,00:00:02.14,-0.0328505150973796
536,00:00:02.144,0.004704755381681002
537,00:00:02.148,0.045904812403023194
538,00:00:02.152,0.016828396823257256
539,00:00:02.156,-0.017159300856292182
540,00:00:02.16,-0.051602890715002965
541,00:00:02.164,-0.01300663826987146
542,00:00:02.168,0.0319988392293453
543,00:00:02.172,0.005717925261706112
544,00:00:02.176,0.011669151484966282
545,00:00:02.18,0.00483347894623876
546,00:00:02.184,0.0011237799189983896
547,00:00:02.188,-0.023132177084335074
548,00:00:02.192,0.01298932777717709
549,00:00:02.196,-0.005273477640002969
550,00:00:02.2,-0.017684985854430128
551,00:00:02.204,0.01783290924504396
552,00:00:02.208,0.023824356030672834
553,00:00:02.212,-0.01586775155737994
554,00:00:02.216,-0.03103991225361823
555,00:00:02.22,0.01722413906827567
556,00:00:02.224,0.02085187751799824
557,00:00:02.228,-0.002904566470533612
558,00:00:02.232,-0.0205628362018615
559,00:00:02.236,-0.0372544275596739
560,00:00:02.24,0.049952218309044824
561,00:00:02.244,0.032758818008005605
562,00:00:02.248,-0.016051649115979637
563,00:00:02.252,-0.02431518025696284
564,00:00:02.256,0.019568475428968658
565,00:00:02.26,-0.0212643798440695
566,00:00:02.264,-0.015554849378531825
567,00:00:02.268,0.00920871843118217
568,00:00:02.272,-0.01114292466081679
569,00:00:02.276,0.013117176597006591
570,00:00:02.28,0.027584663592279
571,00:00:02.284,0.02448975807055831
572,00:00:02.288,-0.017970547836739573
573,00:00:02.292,-0.024695564090507077
574,00:00:02.296,-0.04762613354250792
575,00:00:02.3,0.0032933964394033
576,00:00:02.304,0.04844596935436134
577,00:00:02.308,0.036324508488178225
578,00:00:02.312,0.014785976556595411
579,00:00:02.316,-0.0634912326931954
580,00:00:02.32,-0.039759499952197
581,00:00:02.324,0.03397687198594209
582,00:00:02.328,0.01647334476001556
583,00:00:02.332,0.01899346429854627
584,00:00:02.336,-0.015659888027585115
585,00:00:02.34,-0.004673944669775671
586,00:00:02.344,-0.0012523796176538097
587,00:00:02.348,0.007895280607044707
588,00:00:02.352,-0.01010084932204337
589,00:00:02.356,-0.002383908024057751
590,00:00:02.36,-0.00484644714742898
591,00:00:02.364,-0.006176636670716064
592,00:00:02.368,0.014420768420677634
593,00:00:02.372,0.01667953305877741
594,00:00:02.376,0.028321001620497596
595,00:00:02.38,-0.03741465322673317
596,00:00:02.384,-0.0325424345210195
597,00:00:02.388,-0.000620452687144328
598,00:00:02.392,0.02981277066282923
599,00:00:02.396,0.004311312921345269
600,00:00:02.4,-0.00076211802661421
601,00:00:02.404,0.0014520937111228691
602,00:00:02.408,-0.006553203827934364
603,00:00:02.412,-0.019337804755195996
604,00:00:02.416,0.01313448732253164
605,00:00:02.42,0.02191375009715554
606,00:00:02.424,-0.006025315960869189
607,00:00:02.428,-0.02119727758690714
608,00:00:02.432,0.01838184194639325
609,00:00:02.436,0.00266909087076783
610,00:00:02.44,-0.02134666405618191
611,00:00:02.444,-0.004483193290070633
612,00:00:02.448,0.015270042233169112
613,00:00:02.452,0.0017244066111743407
614,00:00:02.456,0.0037721539847553505
615,00:00:02.46,0.017089118569856513
616,00:00:02.464,-0.03280138224363327
617,00:00:02.468,0.009924510493874491
618,00:00:02.472,-0.02055097185075285
619,00:00:02.476,0.015498244836635422
620,00:00:02.48,0.00487780058756471
621,00:00:02.484,0.02010650641750544
622,00:00:02.488,0.0013676583766937186
623,00:00:02.492,-0.02415148587897425
624,00:00:02.496,-0.022370436461642423
625,00:00:02.5,0.02821754600154241
626,00:00:02.504,0.007272748742252631
627,00:00:02.508,0.00257382588461043
628,00:00:02.512,-0.02046237955801189
629,00:00:02.516,0.0009864701423793615
630,00:00:02.52,-0.0090545346029103
631,00:00:02.524,0.015180857968516669
632,00:00:02.528,0.020102564245462404
633,00:00:02.532,-0.004375323886051779
634,00:00:02.536,-0.03291659243404863
635,00:00:02.54,-0.004122150072362289
636,00:00:02.544,0.0315805126447231
637,00:00:02.548,0.024268788052722846
638,00:00:02.552,-0.03225268819369369
639,00:00:02.556,-0.01908653043210502
640,00:00:02.56,-0.012606826669070842
641,00:00:02.564,0.053550316602923
642,00:00:02.568,0.012207926600240173
643,00:00:02.572,-0.04568405298050494
644,00:00:02.576,-0.0247604474425316
645,00:00:02.58,0.027618370484560728
646,00:00:02.584,0.021232811501249657
647,00:00:02.588,-0.004125553634366947
648,00:00:02.592,-0.010232180706225301
649,00:00:02.596,0.024524794251192326
650,00:00:02.6,-0.036579439416527706
651,00:00:02.604,-0.015469253878109148
652,00:00:02.608,0.041690454818308395
653,00:00:02.612,0.009386608842760331
654,00:00:02.616,-0.02955609979107979
655,00:00:02.62,-0.032794509083032594
656,00:00:02.624,0.03063012566417456
657,00:00:02.628,0.03858352778479453
658,00:00:02.632,-0.0157538335770369
659,00:00:02.636,-0.0003199446946383095
660,00:00:02.64,-0.01606080634519461
661,00:00:02.644,-0.00404958333820103
662,00:00:02.648,-0.005951361730694757
663,00:00:02.652,0.0035010324791073886
664,00:00:02.656,-0.00783038279041646
665,00:00:02.66,0.03358641732484107
666,00:00:02.664,0.022393989842385064
667,00:00:02.668,-0.05786333512514831
668,00:00:02.672,-0.00376307184342295
669,00:00:02.676,0.033083240501582664
670,00:00:02.68,-0.03787430888041848
671,00:00:02.684,0.01561747747473418
672,00:00:02.688,0.038869765587151
673,00:00:02.692,0.01063844631426035
674,00:00:02.696,-0.04089410509914155
675,00:00:02.7,-0.00027620070613923117
676,00:00:02.704,0.00322988163679838
677,00:00:02.708,-0.01381860987748952
678,00:00:02.712,-0.00625228742137551
679,00:00:02.716,0.0006768625462427718
680,00:00:02.72,0.032801010180264725
681,00:00:02.724,-0.005630343686789241
682,00:00:02.728,0.01243850705213844
683,00:00:02.732,-0.02160664205439391
684,00:00:02.736,-0.0094677108572796
685,00:00:02.74,0.02257186872884631
686,00:00:02.744,-0.015067836269736281
687,00:00:02.748,-0.01680254563689232
688,00:00:02.752,0.02884756424464284
689,00:00:02.756,0.01922988146543505
690,00:00:02.76,-0.04358550370670863
691,00:00:02.764,0.00179962906986475
692,00:00:02.768,0.01010209415107963
693,00:00:02.772,0.022258902434259632
694,00:00:02.776,-0.0032274395925923696
695,00:00:02.78,-0.04409145092358812
696,00:00:02.784,0.0022900635958649357
697,00:00:02.788,0.049304919783025994
698,00:00:02.792,-0.00579651840962472
699,00:00:02.796,-0.03073565056547519
700,00:00:02.8,0.021282039466314
701,00:00:02.804,0.012370713287964399
702,00:00:02.808,-0.03091502480674528
703,00:00:02.812,-0.0031377759296447095
704,00:00:02.816,0.0034180763759650277
705,00:00:02.82,0.009796123951673511
706,00:00:02.824,0.00915941823041062
707,00:00:02.828,0.024565170053392642
708,00:00:02.832,-0.040291147393872954
709,00:00:02.836,-0.018110236153006543
710,00:00:02.84,0.011534021236002468
711,00:00:02.844,0.024297019932419013
712,00:00:02.848,0.007207412330899391
713,00:00:02.852,-0.035183071158826365
714,00:00:02.856,0.031786259263753905
715,00:00:02.86,0.007803612388670399
716,00:00:02.864,-0.023293377831578296
717,00:00:02.868,-0.03465863189194351
718,00:00:02.872,0.02779734507203107
719,00:00:02.876,0.018489263020455882
720,00:00:02.88,0.0332020688802004
721,00:00:02.884,-0.04144190158694985
722,00:00:02.888,-0.050127138383686494
723,00:00:02.892,0.024176011560484753
724,00:00:02.896,0.01786483777686948
725,00:00:02.9,0.0517129302024841
726,00:00:02.904,-0.0010950756259262692
727,00:00:02.908,-0.09084420115686945
728,00:00:02.912,0.020104299765080262
729,00:00:02.916,0.040995619026944034
730,00:00:02.92,0.01337550702737645
731,00:00:02.924,-0.0141866451594979
732,00:00:02.928,-0.0325685285497457
733,00:00:02.932,-0.00645633111707866
734,00:00:02.936,0.0338976415805519
735,00:00:02.94,0.0016660658875480312
736,00:00:02.944,-0.02656999928876761
737,00:00:02.948,0.017621596343815348
738,00:00:02.952,0.007144089322537191
739,00:00:02.956,-0.013920749537646722
740,00:00:02.96,-0.0015528978547081403
741,00:00:02.964,0.015348589280620231
742,00:00:02.968,0.020391407888382666
743,00:00:02.972,-0.010790468426421259
744,00:00:02.976,-0.0225365501828491
745,00:00:02.98,-0.06425058841705329
746,00:00:02.984,0.02539144060574475
747,00:00:02.988,0.08770996215753253
748,00:00:02.992,0.019169491715729237
749,00:00:02.996,-0.056584383361041504
750,00:00:03,-0.05686812847852711
751,00:00:03.004,0.01401077117770909
752,00:00:03.008,0.04304898343980321
753,00:00:03.012,0.03778633638285099
754,00:00:03.016,-0.03325335850240656
755,00:00:03.02,-0.006234607892110971
756,00:00:03.024,0.003870702814310794
757,00:00:03.028,-0.01781029009725903
758,00:00:03.032,-0.02958043909166008
759,00:00:03.036,0.0030450252816081004
760,00:00:03.04,0.027591045945882797
761,00:00:03.044,0.04671566933393472
762,00:00:03.048,0.017940595309482926
763,00:00:03.052,-0.053012820892035975
764,00:00:03.056,-0.0319110732525587
765,00:00:03.06,-0.00343371601775288
766,00:00:03.064,0.01620108727365735
767,00:00:03.068,0.036053121992154095
768,00:00:03.072,-0.035427922732196804
769,00:00:03.076,0.02361219073645771
770,00:00:03.08,0.004768070473801339
771,00:00:03.084,-0.02259804913774132
772,00:00:03.088,0.011660179879982026
773,00:00:03.092,0.0038534809136763137
774,00:00:03.096,0.00547245517373081
775,00:00:03.1,-0.025304016919108115
776,00:00:03.104,0.012220283562783176
777,00:00:03.108,0.000682905723806463
778,00:00:03.112,-0.01879419689066711
779,00:00:03.116,0.0021989028900861705
780,00:00:03.12,0.029741147533059096
781,00:00:03.124,-0.020196951460093298
782,00:00:03.128,0.01183618977665908
783,00:00:03.132,0.04706072015687824
784,00:00:03.136,-0.013620754471048761
785,00:00:03.14,-0.05698863894212989
786,00:00:03.144,-0.0335515597835184
787,00:00:03.148,0.0027733647730201513
788,00:00:03.152,0.032982246717438046
789,00:00:03.156,0.052008069120347486
790,00:00:03.16,0.006707764987368135
791,00:00:03.164,-0.01716631650924674
792,00:00:03.168,-0.02777383453212676
793,00:00:03.172,-0.03932982403784992
794,00:00:03.176,0.004018479026854019
795,00:00:03.18,0.03628829587250947
796,00:00:03.184,0.03981563635170456
797,00:00:03.188,0.01059140678262338
798,00:00:03.192,-0.05490892939269544
799,00:00:03.196,-0.02880354365333913
800,00:00:03.2,0.01818850077688693
801,00:00:03.204,0.02104020072147246
802,00:00:03.208,-0.0015557177139271516
803,00:00:03.212,0.003071155399084079
804,00:00:03.216,-0.01829174021258946
805,00:00:03.22,0.008933094621170314
806,00:00:03.224,0.07120206858962776
807,00:00:03.228,-0.04930610209703448
808,00:00:03.232,-0.07535867998376485
809,00:00:03.236,0.02211867005098607
810,00:00:03.24,0.04273720923811196
811,00:00:03.244,-0.0015145912766456604
812,00:00:03.248,-0.013069848588202222
813,00:00:03.252,0.012771384790539752
814,00:00:03.256,-0.0022472017444670096
815,00:00:03.26,-0.0007882034406065837
816,00:00:03.264,0.01631398685276511
817,00:00:03.268,-0.01423801924102008
818,00:00:03.272,-0.013865604065358642
819,00:00:03.276,-0.0038408050313592304
820,00:00:03.28,0.004381351172924041
821,00:00:03.284,0.0216050068847835
822,00:00:03.288,0.001794233219698067
823,00:00:03.292,-0.025955253688152914
824,00:00:03.296,-0.02353728166781357
825,00:00:03.3,0.027210202068090432
826,00:00:03.304,0.04325492028146982
827,00:00:03.308,-0.015950726694427417
828,00:00:03.312,-0.017373405396938296
829,00:00:03.316,-0.01123671513050798
830,00:00:03.32,-0.011271247523836759
831,00:00:03.324,0.0130995512008667
832,00:00:03.328,0.01202704338356858
833,00:00:03.332,0.0014732737326994608
834,00:00:03.336,-0.011551131843589253
835,00:00:03.34,0.012447446817532218
836,00:00:03.344,0.004825418349355459
837,00:00:03.348,-0.00566699868068102
838,00:00:03.352,-0.040371895534917754
839,00:00:03.356,-0.0016229460015893095
840,00:00:03.36,0.028598411474376934
841,00:00:03.364,0.05148541077505793
842,00:00:03.368,0.0028663735138252395
843,00:00:03.372,-0.0435297978110611
844,00:00:03.376,-0.010184139944612947
845,00:00:03.38,-0.013726190023589858
846,00:00:03.384,-0.02719032205641271
847,00:00:03.388,0.010939117288216988
848,00:00:03.392,0.05686017824336886
849,00:00:03.396,0.004204972647130491
850,00:00:03.4,-0.009243096224963597
851,00:00:03.404,0.005992140155285649
852,00:00:03.408,0.004343023058027031
853,00:00:03.412,-0.03898681374266742
854,00:00:03.416,-0.03836231119930739
855,00:00:03.42,0.03319733985699718
856,00:00:03.424,0.037003168836236
857,00:00:03.428,-0.0019245584262534698
858,00:00:03.432,-0.0037036209832877
859,00:00:03.436,-0.010597241111099798
860,00:00:03.44,0.02025108539965003
861,00:00:03.444,-0.05166070535779001
862,00:00:03.448,-0.030528466217219788
863,00:00:03.452,0.0560816498473287
864,00:00:03.456,0.009696722961962199
865,00:00:03.46,0.02611094106396193
866,00:00:03.464,0.008798695169389198
867,00:00:03.468,-0.023637981154024604
868,00:00:03.472,-0.0724570080637932
869,00:00:03.476,0.02518425253219907
870,00:00:03.48,0.0449884161353111
871,00:00:03.484,-0.00988632277585566
872,00:00:03.488,0.01331899710930884
873,00:00:03.492,0.0005716556624975036
874,00:00:03.496,-0.03909510513767594
875,00:00:03.5,0.00739192706532776
876,00:00:03.504,-0.0034187133423983895
877,00:00:03.508,0.01721866708248848
878,00:00:03.512,0.027589621895458515
879,00:00:03.516,-0.009983664844185142
880,00:00:03.52,-0.03243254963308572
881,00:00:03.524,-0.016272363252937752
882,00:00:03.528,0.02326005988288672
883,00:00:03.532,0.01619008928537368
884,00:00:03.536,-0.030592438299208907
885,00:00:03.54,0.025419945828616602
886,00:00:03.544,0.03291270276531576
887,00:00:03.548,-0.034529470489360364
888,00:00:03.552,-0.02855048561468725
889,00:00:03.556,0.01713921327609564
890,00:00:03.56,0.01690073061035942
891,00:00:03.564,-0.025118466466665254
892,00:00:03.568,0.017621087958104943
893,00:00:03.572,0.014445050503127251
894,00:00:03.576,0.02715020626783372
895,00:00:03.58,-0.04938115924596791
896,00:00:03.584,-0.0446132980287075
897,00:00:03.588,0.05211761314421891
898,00:00:03.592,0.0221658460795879
899,00:00:03.596,-0.039549941313453005
900,00:00:03.6,-0.0170631790533662
901,00:00:03.604,0.048370943870395436
902,00:00:03.608,0.02606873936019835
903,00:00:03.612,-0.01477187825366854
904,00:00:03.616,-0.02364695514552296
905,00:00:03.62,-0.06117425020784131
906,00:00:03.624,0.04025421664118767
907,00:00:03.628,0.0415677707642317
908,00:00:03.632,0.009847613982856229
909,00:00:03.636,-0.02928982302546506
910,00:00:03.64,-0.0446834024041892
911,00:00:03.644,0.02899699704721573
912,00:00:03.648,0.030297525692731097
913,00:00:03.652,-0.007919672178104478
914,00:00:03.656,-0.016466676170239218
915,00:00:03.66,-0.00963516673073176
916,00:00:03.664,0.01285987626761199
917,00:00:03.668,0.01771623920649286
918,00:00:03.672,-0.01144789671525355
919,00:00:03.676,0.01129757624585178
920,00:00:03.68,0.0024246894754469603
921,00:00:03.684,-0.04373741173185415
922,00:00:03.688,0.0013968626735731127
923,00:00:03.692,0.023628153983736407
924,00:00:03.696,0.03619524370878931
925,00:00:03.7,-0.018569563515484333
926,00:00:03.704,-0.02204883602098558
927,00:00:03.708,-0.023118370212614543
928,00:00:03.712,0.00509459001477807
929,00:00:03.716,0.02575350040569903
930,00:00:03.72,0.0053512862068600935
931,00:00:03.724,0.01207517366856338
932,00:00:03.728,-0.015460206195712142
933,00:00:03.732,-0.0074455109424889695
934,00:00:03.736,0.024042257806286303
935,00:00:03.74,-0.019226413452997804
936,00:00:03.744,-0.03348355554044247
937,00:00:03.748,0.01567636150866747
938,00:00:03.752,0.017449661158025206
939,00:00:03.756,0.01018931122962386
940,00:00:03.76,0.009559711441397693
941,00:00:03.764,0.008253014995716521
942,00:00:03.768,-0.01370878284797068
943,00:00:03.772,-0.05582514568232
944,00:00:03.776,0.005353888962417799
945,00:00:03.78,0.00856167543679483
946,00:00:03.784,0.04675774928182359
947,00:00:03.788,-0.01639079704182221
948,00:00:03.792,0.025378668680787097
949,00:00:03.796,0.0304488483816385
950,00:00:03.8,-0.0344894137233496
951,00:00:03.804,-0.081878986209631
952,00:00:03.808,-0.02559403702616693
953,00:00:03.812,0.0715329889208079
954,00:00:03.816,0.0511115426197648
955,00:00:03.82,-0.0010074632009491303
956,00:00:03.824,-0.028556558303534988
957,00:00:03.828,-0.0219158190302551
958,00:00:03.832,-0.020573676098138087
959,00:00:03.836,0.02582881471607835
960,00:00:03.84,0.02551795542240147
961,00:00:03.844,-0.00020894827321166903
962,00:00:03.848,-0.003750160103663804
963,00:00:03.852,-0.03847479913383725
964,00:00:03.856,-0.017306468449532934
965,00:00:03.86,0.038732433109544204
966,00:00:03.864,0.04423969297204161
967,00:00:03.868,-0.0431616427376866
968,00:00:03.872,0.0017698619049042502
969,00:00:03.876,-0.007760768057778431
970,00:00:03.88,-0.013086580205708753
971,00:00:03.884,0.01946491352282468
972,00:00:03.888,0.012001957744359939
973,00:00:03.892,0.012729509966447939
974,00:00:03.896,-0.0019101721700280497
975,00:00:03.9,-0.03298483812250197
976,00:00:03.904,-0.03906196355819704
977,00:00:03.908,0.03153613070026038
978,00:00:03.912,0.04248435469344255
979,00:00:03.916,-0.02841493056621409
980,00:00:03.92,-0.015298927202820738
981,00:00:03.924,0.04385739238932731
982,00:00:03.928,0.005080281523987649
983,00:00:03.932,-0.03085535485297439
984,00:00:03.936,-0.007169470889493788
985,00:00:03.94,-0.011551612798939466
986,00:00:03.944,0.01870120177045467
987,00:00:03.948,0.004066139925271281
988,00:00:03.952,-0.021754231303930283
989,00:00:03.956,0.028452658152673383
990,00:00:03.96,0.020188199589028927
991,00:00:03.964,-0.009925085585564361
992,00:00:03.968,-0.019931043731048682
993,00:00:03.972,-0.047861421131528845
994,00:00:03.976,0.0216555318329483
995,00:00:03.98,0.014432666765060276
996,00:00:03.984,0.00882507208734757
997,00:00:03.988,0.054181758314371053
998,00:00:03.992,-0.006843505892902638
999,00:00:03.996,-0.06313765235245228
1000,00:00:04,0.00546072656288741
1001,00:00:04.004,0.00911764742340892
1002,00:00:04.008,-0.029502315912395757
1003,00:00:04.012,0.030847431160509597
1004,00:00:04.016,0.03260529413819308
1005,00:00:04.02,-0.00808291137218474
1006,00:00:04.024,-0.048587809782475254
1007,00:00:04.028,0.011537717247847468
1008,00:00:04.032,0.017397279618307955
1009,00:00:04.036,0.012722072191536432
1010,00:00:04.04,-0.015465943142771721
1011,00:00:04.044,-0.01188195962458847
1012,00:00:04.048,-0.015175760723650442
1013,00:00:04.052,0.04344660729111643
1014,00:00:04.056,0.05363990133628248
1015,00:00:04.06,-0.03857497079297899
1016,00:00:04.064,-0.048407168360427036
1017,00:00:04.068,-0.04583152709528803
1018,00:00:04.072,0.00992311909794809
1019,00:00:04.076,0.030426594894379325
1020,00:00:04.08,0.05607889499515291
1021,00:00:04.084,0.0248888987116516
1022,00:00:04.088,-0.040181613585446
1023,00:00:04.092,-0.015623758270521648
1024,00:00:04.096,-0.0040299825341207855
1025,00:00:04.1,-0.03080271533690392
1026,00:00:04.104,0.010045025497674939
1027,00:00:04.108,0.02846937067806719
1028,00:00:04.112,0.01624512695707381
1029,00:00:04.116,-0.005166511051356747
1030,00:00:04.12,-0.027853379026055298
1031,00:00:04.124,-0.0219709083903581
1032,00:00:04.128,0.037477245554327965
1033,00:00:04.132,0.0006347587332129374
1034,00:00:04.136,-0.00444412662182003
1035,00:00:04.14,0.017792868427932262
1036,00:00:04.144,0.02566312346607442
1037,00:00:04.148,-0.052264028228819384
1038,00:00:04.152,-0.03602729202248155
1039,00:00:04.156,0.0049096324946731
1040,00:00:04.16,0.0176081554964184
1041,00:00:04.164,0.05138609465211634
1042,00:00:04.168,0.058580588549375506
1043,00:00:04.172,-0.0507737109437585
1044,00:00:04.176,-0.10550888814032082
1045,00:00:04.18,-0.0046607097610831295
1046,00:00:04.184,0.05430528346914791
1047,00:00:04.188,0.02734799357131125
1048,00:00:04.192,0.04512720275670286
1049,00:00:04.196,-0.02069123416731597
1050,00:00:04.2,-0.026144274510443245
1051,00:00:04.204,0.010035807557869699
1052,00:00:04.208,-0.042681124061346026
1053,00:00:04.212,-0.038536322768777664
1054,00:00:04.216,0.02342166751623153
1055,00:00:04.22,0.0572503991425037
1056,00:00:04.224,0.035071196965873255
1057,00:00:04.228,-0.016430099960416552
1058,00:00:04.232,-0.02124988567084078
1059,00:00:04.236,-0.0452596005052328
1060,00:00:04.24,-0.00254483381286264
1061,00:00:04.244,0.02424260927364231
1062,00:00:04.248,0.04041277430951589
1063,00:00:04.252,-0.03677936783060429
1064,00:00:04.256,-0.016298955772072042
1065,00:00:04.26,0.02334148704539982
1066,00:00:04.264,0.04580831946805112
1067,00:00:04.268,-0.02141548678628172
1068,00:00:04.272,-0.03725039865821598
1069,00:00:04.276,-0.02900151070207361
1070,00:00:04.28,0.02585211419500412
1071,00:00:04.284,-0.0009117033332586696
1072,00:00:04.288,0.02821750938892369
1073,00:00:04.292,-0.0036563202738762006
1074,00:00:04.296,-0.03451685560867189
1075,00:00:04.3,0.04125976806972171
1076,00:00:04.304,0.02526872616726908
1077,00:00:04.308,-0.04037832608446476
1078,00:00:04.312,-0.02392110438086093
1079,00:00:04.316,0.006494022905826558
1080,00:00:04.32,0.03489353042095901
1081,00:00:04.324,0.031584894983097946
1082,00:00:04.328,-0.09097437839955086
1083,00:00:04.332,-0.012574897613376369
1084,00:00:04.336,0.0435959799215197
1085,00:00:04.34,0.04334827978163958
1086,00:00:04.344,0.00233729439787567
1087,00:00:04.348,-0.01437407219782476
1088,00:00:04.352,-0.028405472636222902
1089,00:00:04.356,-0.04181834915652866
1090,00:00:04.36,0.04228443221654738
1091,00:00:04.364,0.05612011009361595
1092,00:00:04.368,-0.0313424293417484
1093,00:00:04.372,-0.03556109440978611
1094,00:00:04.376,-0.03074483200907701
1095,00:00:04.38,0.0598633904010057
1096,00:00:04.384,-0.01466192724183199
1097,00:00:04.388,-0.028888097436720266
1098,00:00:04.392,0.06646085227839642
1099,00:00:04.396,-0.02513448795070874
1100,00:00:04.4,-0.001516981981694681
1101,00:00:04.404,0.036717202048748704
1102,00:00:04.408,-0.06873201316921039
1103,00:00:04.412,-0.00909365806728608
1104,00:00:04.416,0.004041089210659269
1105,00:00:04.42,0.0183071866631509
1106,00:00:04.424,0.04859921219758686
1107,00:00:04.428,0.005842658167239285
1108,00:00:04.432,-0.016006181947887003
1109,00:00:04.436,-0.028690441511571397
1110,00:00:04.44,-0.0643299343064427
1111,00:00:04.444,0.019867409020662197
1112,00:00:04.448,0.039199971826747046
1113,00:00:04.452,0.02413431927561758
1114,00:00:04.456,0.06352814193814979
1115,00:00:04.46,-0.04194754455238587
1116,00:00:04.464,-0.0957984933629632
1117,00:00:04.468,0.023040050902636708
1118,00:00:04.472,0.04129551863297813
1119,00:00:04.476,-0.012747740489430729
1120,00:00:04.48,-0.023784694261848975
1121,00:00:04.484,0.033096415456384504
1122,00:00:04.488,0.03806684166193016
1123,00:00:04.492,-0.03520030528306963
1124,00:00:04.496,-0.01147393172141164
1125,00:00:04.5,-0.020427620969712693
1126,00:00:04.504,0.0027799466624856013
1127,00:00:04.508,0.06803619163110856
1128,00:00:04.512,-0.013077481416985429
1129,00:00:04.516,-0.04551765555515882
1130,00:00:04.52,-0.032890284433960915
1131,00:00:04.524,0.009724754258058918
1132,00:00:04.528,0.04452843219041819
1133,00:00:04.532,0.0244991099461914
1134,00:00:04.536,0.007097213994711622
1135,00:00:04.54,-0.046842667739838334
1136,00:00:04.544,-0.029293326544575372
1137,00:00:04.548,0.049354735296219615
1138,00:00:04.552,0.009523328160867081
1139,00:00:04.556,-0.034175033681094646
1140,00:00:04.56,-0.007705370895564558
1141,00:00:04.564,0.00867199513595551
1142,00:00:04.568,-0.01887222162622498
1143,00:00:04.572,0.004039098508655968
1144,00:00:04.576,0.04460488911718134
1145,00:00:04.58,0.04311159998178475
1146,00:00:04.584,-0.00480383809190241
1147,00:00:04.588,-0.05279792993678706
1148,00:00:04.592,-0.05068694427609445
1149,00:00:04.596,-0.03677788749337199
1150,00:00:04.6,0.02300736308097839
1151,00:00:04.604,0.09668859781231734
1152,00:00:04.608,0.046397050842642784
1153,00:00:04.612,-0.06019537243992093
1154,00:00:04.616,-0.0385722666978837
1155,00:00:04.62,-0.0006194311426952494
1156,00:00:04.624,0.033170385169796666
1157,00:00:04.628,-0.032046646345406715
1158,00:00:04.632,-0.0017471387982369111
1159,00:00:04.636,0.019206230994313987
1160,00:00:04.64,-0.018019374459981898
1161,00:00:04.644,-0.0050824885256588485
1162,00:00:04.648,0.027655775658786342
1163,00:00:04.652,0.018245936575112868
1164,00:00:04.656,-0.01724084559828043
1165,00:00:04.66,-0.0009457566775381496
1166,00:00:04.664,-0.003140099404845392
1167,00:00:04.668,0.0022507295943797597
1168,00:00:04.672,-0.03374309651553628
1169,00:00:04.676,-0.005020437412895259
1170,00:00:04.68,0.031204689294099763
1171,00:00:04.684,0.04439199529588219
1172,00:00:04.688,-0.022070948500186198
1173,00:00:04.692,-0.06452963477931915
1174,00:00:04.696,-0.013164264149963877
1175,00:00:04.7,0.07292094617150725
1176,00:00:04.704,0.020167627837508924
1177,00:00:04.708,0.006916787708178161
1178,00:00:04.712,-0.011929325759410874
1179,00:00:04.716,-0.03514909557998181
1180,00:00:04.72,-0.007831868482753572
1181,00:00:04.724,-0.01759650604799394
1182,00:00:04.728,-0.0247175926342606
1183,00:00:04.732,0.030096810689428807
1184,00:00:04.736,0.01555812545120716
1185,00:00:04.74,0.019612013304140394
1186,00:00:04.744,0.01756440103054048
1187,00:00:04.748,-0.01268996542785316
1188,00:00:04.752,0.023453333415091083
1189,00:00:04.756,-0.004608298651874059
1190,00:00:04.76,-0.02128628711216155
1191,00:00:04.764,-0.0939730191603302
1192,00:00:04.768,0.014382368419319363
1193,00:00:04.772,0.05364059843122969
1194,00:00:04.776,0.03549621859565374
1195,00:00:04.78,0.0224529221886769
1196,00:00:04.784,-0.022898683790117468
1197,00:00:04.788,-0.021881632506847402
1198,00:00:04.792,-0.02089055813848972
1199,00:00:04.796,0.0056966170668602215
1200,00:00:04.8,0.03811488533392551
1201,00:00:04.804,-0.02268568496219818
1202,00:00:04.808,-0.02435357868671416
1203,00:00:04.812,0.0085142245516181
1204,00:00:04.816,0.01669180556200448
1205,00:00:04.82,0.0065936450846492784
1206,00:00:04.824,0.038299589650705526
1207,00:00:04.828,-0.04629901517182585
1208,00:00:04.832,-0.08976487396284935
1209,00:00:04.836,0.03013526322320106
1210,00:00:04.84,0.12143789371475577
1211,00:00:04.844,0.01701901620253923
1212,00:00:04.848,-0.02055165916681286
1213,00:00:04.852,-0.05919751524925228
1214,00:00:04.856,-0.11306795838754619
1215,00:00:04.86,0.02723795198835427
1216,00:00:04.864,0.13117026723921305
1217,00:00:04.868,0.002922615967691
1218,00:00:04.872,-0.037489083595573895
1219,00:00:04.876,-0.03502362687140702
1220,00:00:04.88,0.04459221474826336
1221,00:00:04.884,0.02649323968216778
1222,00:00:04.888,-0.04202486993744965
1223,00:00:04.892,-0.055935914628207656
1224,00:00:04.896,-0.018169051036238705
1225,00:00:04.9,0.058494913391768905
1226,00:00:04.904,0.08391485418542292
1227,00:00:04.908,-0.03818071715068069
1228,00:00:04.912,-0.03099338384345165
1229,00:00:04.916,-0.016165717330295634
1230,00:00:04.92,-0.041864056140184354
1231,00:00:04.924,0.036888982867822065
1232,00:00:04.928,0.0486144800670445
1233,00:00:04.932,-0.005214684584643697
1234,00:00:04.936,-0.005645465105772102
1235,00:00:04.94,-0.03728020191192627
1236,00:00:04.944,-0.00587209232617171
1237,00:00:04.948,0.02384229586459695
1238,00:00:04.952,-0.006136586423963309
1239,00:00:04.956,-0.02295555383898314
1240,00:00:04.96,0.01899690460413693
1241,00:00:04.964,0.01097789732739329
1242,00:00:04.968,0.0388463074341417
1243,00:00:04.972,-0.03485172847285868
1244,00:00:04.976,0.0167590560449753
1245,00:00:04.98,0.0008453372865915125
1246,00:00:04.984,-0.05114080873318021
1247,00:00:04.988,-0.026337852701544772
1248,00:00:04.992,0.028315770439803527
1249,00:00:04.996,0.035247933119535405
1250,00:00:05,0.039389057084918
1251,00:00:05.004,-0.03749085171148181
1252,00:00:05.008,-0.015475185355171612
1253,00:00:05.012,0.005407084710895991
1254,00:00:05.016,-0.01570109935710208
1255,00:00:05.02,-0.024382970295846504
1256,00:00:05.024,0.035059328656643685
1257,00:00:05.028,0.03107408573850989
1258,00:00:05.032,-0.015854667930398178
1259,00:00:05.036,-0.0009440036374143822
1260,00:00:05.04,-0.05267326044850053
1261,00:00:05.044,0.0351051036268473
1262,00:00:05.048,0.037421191111206994
1263,00:00:05.052,-0.008334261321579106
1264,00:00:05.056,-0.024604844860732538
1265,00:00:05.06,-0.04360582555091233
1266,00:00:05.064,0.05456252768635758
1267,00:00:05.068,-0.004593233345076492
1268,00:00:05.072,0.00452439393848182
1269,00:00:05.076,0.028797413106076402
1270,00:00:05.08,-0.01616930728778245
1271,00:00:05.084,-0.07578755123540759
1272,00:00:05.088,-0.005964311305433509
1273,00:00:05.092,0.03411973290519651
1274,00:00:05.096,0.0735243642702698
1275,00:00:05.1,0.028729572426527697
1276,00:00:05.104,-0.0719181671738624
1277,00:00:05.108,-0.0413302574306727
1278,00:00:05.112,0.03153366991318762
1279,00:00:05.116,-0.00652265292592343
1280,00:00:05.12,-0.019579370127757994
1281,00:00:05.124,0.02900779200717803
1282,00:00:05.128,0.017723721364745863
1283,00:00:05.132,0.04314634902402763
1284,00:00:05.136,-0.03523112460970873
1285,00:00:05.14,-0.06478175520896909
1286,00:00:05.144,0.0155096212401987
1287,00:00:05.148,0.01819871691986922
1288,00:00:05.152,2.822442911564957e-05
1289,00:00:05.156,-0.0024155686842277616
1290,00:00:05.16,0.0009697254281491006
1291,00:00:05.164,0.04765238729305563
1292,00:00:05.168,0.03788507543504237
1293,00:00:05.172,-0.054752217663917704
1294,00:00:05.176,-0.06796905631199475
1295,00:00:05.18,-0.012941950932145108
1296,00:00:05.184,0.023860013112425804
1297,00:00:05.188,0.049572715535759954
1298,00:00:05.192,0.0066046621650457105
1299,00:00:05.196,-0.01796030724653973
1300,00:00:05.2,0.0053736176341771975
1301,00:00:05.204,-0.017471308819949655
1302,00:00:05.208,0.012044535425957272
1303,00:00:05.212,0.02813167450949548
1304,00:00:05.216,0.01068457635119557
1305,00:00:05.22,-0.07217180728912351
1306,00:00:05.224,-0.02254295581951738
1307,00:00:05.228,0.02082724979845809
1308,00:00:05.232,0.05536558665335181
1309,00:00:05.236,0.01502188341692093
1310,00:00:05.24,-0.029102668166160597
1311,00:00:05.244,-0.01349067036062475
1312,00:00:05.248,0.01589934434741727
1313,00:00:05.252,0.01813541725277902
1314,00:00:05.256,-0.02791899003204889
1315,00:00:05.26,-0.03900989005342122
1316,00:00:05.264,0.002291392534971272
1317,00:00:05.268,0.017020255792885946
1318,00:00:05.272,0.005873227491974834
1319,00:00:05.276,0.0353556915652007
1320,00:00:05.28,0.028953637927770597
1321,00:00:05.284,-0.013833812903612842
1322,00:00:05.288,-0.0879856767132879
1323,00:00:05.292,-0.0039017612580209897
1324,00:00:05.296,0.04601155593991278
1325,00:00:05.3,0.04271729779429729
1326,00:00:05.304,0.040352519601583405
1327,00:00:05.308,-0.06329213955905286
1328,00:00:05.312,-0.08942035771906381
1329,00:00:05.316,0.019548349082469885
1330,00:00:05.32,0.07932341471314419
1331,00:00:05.324,0.03994074114598338
1332,00:00:05.328,-0.03721197368577122
1333,00:00:05.332,-0.04255249164998527
1334,00:00:05.336,-0.02480710297822951
1335,00:00:05.34,0.0222431868314743
1336,00:00:05.344,0.09607001091353595
1337,00:00:05.348,-0.03857744392007592
1338,00:00:05.352,-0.0816839262843133
1339,00:00:05.356,-0.0032717362046241986
1340,00:00:05.36,0.013724618591368191
1341,00:00:05.364,0.0811711922287941
1342,00:00:05.368,0.005960296839475604
1343,00:00:05.372,-0.1095151454210281
1344,00:00:05.376,0.027747108601033667
1345,00:00:05.38,0.05324049736373124
1346,00:00:05.384,0.00884348608087748
1347,00:00:05.388,-0.03135647682938721
1348,00:00:05.392,0.007304202299565079
1349,00:00:05.396,-0.01871176552958785
1350,00:00:05.4,-0.002752864500507729
1351,00:00:05.404,0.019986233790405147
1352,00:00:05.408,-0.019411489367484998
1353,00:00:05.412,0.0046926881186664104
1354,00:00:05.416,0.05513747548684487
1355,00:00:05.42,-0.0733547890558839
1356,00:00:05.424,-0.0027168731321580413
1357,00:00:05.428,0.01015156693756573
1358,00:00:05.432,0.033794353716075476
1359,00:00:05.436,0.04560611311171673
1360,00:00:05.44,-0.051856186473742065
1361,00:00:05.444,-0.042642342974431764
1362,00:00:05.448,0.0061811329796910295
1363,00:00:05.452,0.02386185666546229
1364,00:00:05.456,0.019260691013187187
1365,00:00:05.46,-0.006498065777122971
1366,00:00:05.464,-0.04130703554255889
1367,00:00:05.468,0.030617428012192246
1368,00:00:05.472,0.03361303079873321
1369,00:00:05.476,-0.03353304718621071
1370,00:00:05.48,-0.00986696942709386
1371,00:00:05.484,0.009847417117271096
1372,00:00:05.488,0.0035288960207253695
1373,00:00:05.492,0.016923784598475353
1374,00:00:05.496,-0.02717775094788524
1375,00:00:05.5,0.01218533702194688
1376,00:00:05.504,-0.01807163865305483
1377,00:00:05.508,0.01253174431622027
1378,00:00:05.512,0.016021073795855
1379,00:00:05.516,-0.014310968923382461
1380,00:00:05.52,-0.017575959442183382
1381,00:00:05.524,0.0012405719025991905
1382,00:00:05.528,0.017453631502576197
1383,00:00:05.532,0.01329628936946392
1384,00:00:05.536,0.02536043268628422
1385,00:00:05.54,-0.01924529112875463
1386,00:00:05.544,-0.05519162188284102
1387,00:00:05.548,-0.02630391158163544
1388,00:00:05.552,0.03975147986784574
1389,00:00:05.556,0.0622378624975681
1390,00:00:05.56,-0.004706703941337759
1391,00:00:05.564,-0.06271799001842741
1392,00:00:05.568,-0.005763067863881588
1393,00:00:05.572,0.07314780540764335
1394,00:00:05.576,-0.006322806759271773
1395,00:00:05.58,-0.0318325823172926
1396,00:00:05.584,-0.03293182840570809
1397,00:00:05.588,0.0015013888478279096
1398,00:00:05.592,0.010593394137686162
1399,00:00:05.596,0.038874376914463896
1400,00:00:05.6,0.038645413238555235
1401,00:00:05.604,-0.048695389181375545
1402,00:00:05.608,-0.0983106680214405
1403,00:00:05.612,0.031745566055178684
1404,00:00:05.616,0.1011913521215319
1405,00:00:05.62,0.04093733569607137
1406,00:00:05.624,-0.06680812081322071
1407,00:00:05.628,-0.06044747494161125
1408,00:00:05.632,0.01170465687755496
1409,00:00:05.636,0.00914231501519681
1410,00:00:05.64,0.01056491630151863
1411,00:00:05.644,-0.00298846513032916
1412,00:00:05.648,0.0423055700957775
1413,00:00:05.652,-0.0024880431592465
1414,00:00:05.656,0.0045905413571744585
1415,00:00:05.66,-0.0915964829619042
1416,00:00:05.664,0.0371923298807815
1417,00:00:05.668,0.039151359349489295
1418,00:00:05.672,-0.00037848018109799125
1419,00:00:05.676,0.005642607808113101
1420,00:00:05.68,-0.01805461198091503
1421,00:00:05.684,-0.01546303031136631
1422,00:00:05.688,-0.012638846645131707
1423,00:00:05.692,0.020933043793775176
1424,00:00:05.696,0.03152638487517835
1425,00:00:05.7,-0.03372315410524606
1426,00:00:05.704,-0.015689941123127937
1427,00:00:05.708,-0.00208762648981064
1428,00:00:05.712,0.01691704429686068
1429,00:00:05.716,0.0285862209275365
1430,00:00:05.72,0.009148905053734783
1431,00:00:05.724,-0.012094533070921898
1432,00:00:05.728,-0.0443189284414984
1433,00:00:05.732,-0.004915299592539661
1434,00:00:05.736,0.01729813427664342
1435,00:00:05.74,0.02593251469079403
1436,00:00:05.744,0.01909903954947365
1437,00:00:05.748,-0.0318217976018787
1438,00:00:05.752,0.00898717693053187
1439,00:00:05.756,-0.01731751544866706
1440,00:00:05.76,-0.03792359447106719
1441,00:00:05.764,0.027708294801413996
1442,00:00:05.768,0.04129479674156761
1443,00:00:05.772,-0.010443481849506497
1444,00:00:05.776,0.00602919841185212
1445,00:00:05.78,-0.018632747116498677
1446,00:00:05.784,-0.021365245804190615
1447,00:00:05.788,0.01740355440415442
1448,00:00:05.792,0.00980790518224239
1449,00:00:05.796,0.0007585356943309723
1450,00:00:05.8,-0.0104585522785784
1451,00:00:05.804,-0.002907461486756798
1452,00:00:05.808,0.025063462555408502
1453,00:00:05.812,0.011047678068280239
1454,00:00:05.816,-0.0825510853901505
1455,00:00:05.82,-0.009616122115403388
1456,00:00:05.824,0.08371730125509197
1457,00:00:05.828,0.00898298900574446
1458,00:00:05.832,0.01493811013642699
1459,00:00:05.836,-0.014661443943623467
1460,00:00:05.84,-0.051161632873117945
1461,00:00:05.844,-0.011244648136198528
1462,00:00:05.848,-0.0003653164021671187
1463,00:00:05.852,-0.02436570241115985
1464,00:00:05.856,0.08570247027091688
1465,00:00:05.86,0.0410309266299009
1466,00:00:05.864,-0.0512990420684219
1467,00:00:05.868,-0.029429920949041816
1468,00:00:05.872,-0.013484120368957492
1469,00:00:05.876,0.012178095435956495
1470,00:00:05.88,0.03558413824066515
1471,00:00:05.884,-0.016411853022873398
1472,00:00:05.888,-0.02973025199025873
1473,00:00:05.892,0.00802133267279714
1474,00:00:05.896,0.041205898858606815
1475,00:00:05.9,-0.06978809693828225
1476,00:00:05.904,0.01760510401800274
1477,00:00:05.908,0.0546287838369608
1478,00:00:05.912,0.025672818068414878
1479,00:00:05.916,-0.05827424116432662
1480,00:00:05.92,-0.01828644284978504
1481,00:00:05.924,-0.01064540655352178
1482,00:00:05.928,0.018943056929856567
1483,00:00:05.932,0.047623412683606155
1484,00:00:05.936,0.015225488110445448
1485,00:00:05.94,-0.04860382806509733
1486,00:00:05.944,-0.11566748283803463
1487,00:00:05.948,0.0948660131543875
1488,00:00:05.952,0.08501723082736132
1489,00:00:05.956,-0.02032750612124799
1490,00:00:05.96,-0.01327825989574202
1491,00:00:05.964,-0.03744457010179761
1492,00:00:05.968,-0.02122390642762184
1493,00:00:05.972,-0.005056352121755482
1494,00:00:05.976,0.01571330195292833
1495,00:00:05.98,0.00699048090609722
1496,00:00:05.984,0.02780859661288555
1497,00:00:05.988,0.0030782865360379193
1498,00:00:05.992,-0.03113253857009111
1499,00:00:05.996,0.01159438560716808
1500,00:00:06,0.011335329618304961
1501,00:00:06.004,-0.0021420386619865803
1502,00:00:06.008,-0.037002884782850756
1503,00:00:06.012,0.01021918925107457
1504,00:00:06.016,0.0028844620101153573
1505,00:00:06.02,0.02691722800955179
1506,00:00:06.024,0.010798523668199778
1507,00:00:06.028,-0.05145423626527188
1508,00:00:06.032,0.03447137959301465
1509,00:00:06.036,0.04781238303985446
1510,00:00:06.04,-0.0902632637880742
1511,00:00:06.044,-0.01294765109196306
1512,00:00:06.048,0.033517538104206324
1513,00:00:06.052,0.05709800077602266
1514,00:00:06.056,-0.007366874720901249
1515,00:00:06.06,-0.04873075475916264
1516,00:00:06.064,-0.008625443413620855
1517,00:00:06.068,0.013133293425198648
1518,00:00:06.072,0.02431159326806664
1519,00:00:06.076,-0.012084999165381267
1520,00:00:06.08,-0.002073718031169878
1521,00:00:06.084,-0.02697025332599871
1522,00:00:06.088,-0.014264824800193287
1523,00:00:06.092,0.07439251849427814
1524,00:00:06.096,0.00837231613695622
1525,00:00:06.1,-0.03406507521867753
1526,00:00:06.104,-0.0375673417001963
1527,00:00:06.108,0.0219824161031283
1528,00:00:06.112,-0.004871009849011829
1529,00:00:06.116,-0.0006450500804930908
1530,00:00:06.12,0.017342175182420767
1531,00:00:06.124,-0.009434082079678802
1532,00:00:06.128,0.0215237054508179
1533,00:00:06.132,0.006618024315685089
1534,00:00:06.136,-0.035750960683799314
1535,00:00:06.14,0.03022388182580466
1536,00:00:06.144,-0.0484170662239194
1537,00:00:06.148,-0.0113979119778378
1538,00:00:06.152,0.04021225171163674
1539,00:00:06.156,0.03243881370872257
1540,00:00:06.16,0.01060036476701498
1541,00:00:06.164,-0.042431090027093867
1542,00:00:06.168,-0.042761608958244296
1543,00:00:06.172,0.01948825584258883
1544,00:00:06.176,0.05086924321949483
1545,00:00:06.18,-0.01560998884815486
1546,00:00:06.184,0.00938150123693049
1547,00:00:06.188,-0.028964719036594033
1548,00:00:06.192,-0.0207942007109523
1549,00:00:06.196,0.02014806447550654
1550,00:00:06.2,0.005852421745657929
1551,00:00:06.204,0.008090690709650562
1552,00:00:06.208,-0.0006124863866716302
1553,00:00:06.212,0.029361504130065427
1554,00:00:06.216,-0.007896222174167654
1555,00:00:06.22,-0.055190563201904304
1556,00:00:06.224,-0.05262108426541099
1557,00:00:06.228,0.0689227469265461
1558,00:00:06.232,0.07971056969836356
1559,00:00:06.236,-0.016249525360763073
1560,00:00:06.24,-0.06526786694303152
1561,00:00:06.244,0.011800118722021549
1562,00:00:06.248,-0.05111963348463176
1563,00:00:06.252,0.046733522787690204
1564,00:00:06.256,0.020887332968413823
1565,00:00:06.26,0.00441901781596243
1566,00:00:06.264,-0.008954029530286811
1567,00:00:06.268,0.00446670921519399
1568,00:00:06.272,-0.056683054310269675
1569,00:00:06.276,0.03206271957606075
1570,00:00:06.28,0.02321722486522045
1571,00:00:06.284,0.01206685730721803
1572,00:00:06.288,-0.01040160376578575
1573,00:00:06.292,-0.02128399419598284
1574,00:00:06.296,-0.011828832095488899
1575,00:00:06.3,0.0135459541343152
1576,00:00:06.304,0.017643640341702863
1577,00:00:06.308,-0.005639160750433801
1578,00:00:06.312,-0.01736004801932721
1579,00:00:06.316,0.00968081908649767
1580,00:00:06.32,-0.00890228059142829
1581,00:00:06.324,0.02167050912976265
1582,00:00:06.328,-0.01861203834414482
1583,00:00:06.332,-0.011549441609531648
1584,00:00:06.336,0.02667392324656246
1585,00:00:06.34,0.014902556315064448
1586,00:00:06.344,0.01010103349108256
1587,00:00:06.348,-0.03625932743307208
1588,00:00:06.352,-0.0390622932463884
1589,00:00:06.356,-0.0176709175284486
1590,00:00:06.36,0.07662301091477274
1591,00:00:06.364,0.03501263819634921
1592,00:00:06.368,-0.011661182739771889
1593,00:00:06.372,-0.03439577622339133
1594,00:00:06.376,-0.02752165868878361
1595,00:00:06.38,-0.03789694525767114
1596,00:00:06.384,0.051473002880811705
1597,00:00:06.388,0.025380394421517887
1598,00:00:06.392,-0.006567789241671517
1599,00:00:06.396,0.01620286237448454
1600,00:00:06.4,-0.020512680639512844
1601,00:00:06.404,-0.015992106113117202
1602,00:00:06.408,-0.006344927940517664
1603,00:00:06.412,0.01072824688162654
1604,00:00:06.416,0.0010163662955165013
1605,00:00:06.42,0.0272070541977882
1606,00:00:06.424,-0.013715279637835894
1607,00:00:06.428,-0.004093253752216652
1608,00:00:06.432,-0.038773803040385205
1609,00:00:06.436,-0.0031679959793109455
1610,00:00:06.44,0.051072362810373306
1611,00:00:06.444,0.032909033354371786
1612,00:00:06.448,-0.05931491567753259
1613,00:00:06.452,0.00772261398378759
1614,00:00:06.456,0.013314297728356907
1615,00:00:06.46,-0.0065576124470681
1616,00:00:06.464,0.013262489112094041
1617,00:00:06.468,-0.01777970744296911
1618,00:00:06.472,-0.038669783913064706
1619,00:00:06.476,0.0187463136389852
1620,00:00:06.48,0.04829618474468584
1621,00:00:06.484,-0.023710192646831208
1622,00:00:06.488,0.000560325745027511
1623,00:00:06.492,0.0033333452884107893
1624,00:00:06.496,0.005793888587504669
1625,00:00:06.5,0.00098633964080363
1626,00:00:06.504,-0.01026788796298201
1627,00:00:06.508,-0.029133785981684972
1628,00:00:06.512,-0.00131762551609426
1629,00:00:06.516,0.030340608442202162
1630,00:00:06.52,0.03482985822483899
1631,00:00:06.524,-0.01701845834031701
1632,00:00:06.528,-0.05641442968044429
1633,00:00:06.532,0.013770398218184678
1634,00:00:06.536,0.02287384727969769
1635,00:00:06.54,-0.0038011167198419606
1636,00:00:06.544,0.02018279046751558
1637,00:00:06.548,0.012532788561657083
1638,00:00:06.552,-0.01956224348396064
1639,00:00:06.556,-0.032331098802387666
1640,00:00:06.56,-0.0043669096194208
1641,00:00:06.564,0.02741785207763316
1642,00:00:06.568,-3.126962110404016e-05
1643,00:00:06.572,0.014627852011472028
1644,00:00:06.576,-0.010224322788417381
1645,00:00:06.58,0.02943572960793971
1646,00:00:06.584,-0.05680383183062071
1647,00:00:06.588,-0.04764720425009726
1648,00:00:06.592,0.06876227795146413
1649,00:00:06.596,0.032906158361583934
1650,00:00:06.6,0.0043684151023626605
1651,00:00:06.604,-0.01233907334972173
1652,00:00:06.608,-0.04153791349381211
1653,00:00:06.612,-0.00515337032265961
1654,00:00:06.616,0.020429720170795897
1655,00:00:06.62,0.01631187018938359
1656,00:00:06.624,-0.017306933179497712
1657,00:00:06.628,-0.015618298202753098
1658,00:00:06.632,-0.012877500121248855
1659,00:00:06.636,0.03444069623947135
1660,00:00:06.64,0.0469603165984154
1661,00:00:06.644,-0.00016770686488598997
1662,00:00:06.648,-0.11008538026362659
1663,00:00:06.652,0.02705167606472972
1664,00:00:06.656,0.02766697295010089
1665,00:00:06.66,0.04735895548947158
1666,00:00:06.664,-0.00754289235919717
1667,00:00:06.668,-0.05760517297312619
1668,00:00:06.672,0.004034661920741191
1669,00:00:06.676,0.017115865077357746
1670,00:00:06.68,0.047898910008370904
1671,00:00:06.684,-0.05551541517343142
1672,00:00:06.688,-0.0354684637859464
1673,00:00:06.692,0.019151113461703062
1674,00:00:06.696,0.04650639236206193
1675,00:00:06.7,0.010488658677786589
1676,00:00:06.704,0.00530393607914449
1677,00:00:06.708,-0.05346631444990631
1678,00:00:06.712,-0.005113977938890422
1679,00:00:06.716,0.009811488911509451
1680,00:00:06.72,0.00774184614419937
1681,00:00:06.724,0.027811939362436557
1682,00:00:06.728,-0.007060509407892821
1683,00:00:06.732,-0.0422387793660164
1684,00:00:06.736,0.01572470125393011
1685,00:00:06.74,0.01778726396150887
1686,00:00:06.744,0.018945611533126787
1687,00:00:06.748,-0.03005684411618856
1688,00:00:06.752,-0.024417601525783587
1689,00:00:06.756,0.02197449933737517
1690,00:00:06.76,0.030759518762351997
1691,00:00:06.764,0.0073879226110876006
1692,00:00:06.768,0.01625403552316131
1693,00:00:06.772,-0.10859458241611716
1694,00:00:06.776,-0.028542432002723297
1695,00:00:06.78,0.07855866849422459
1696,00:00:06.784,0.06202995870262376
1697,00:00:06.788,0.013780512737866953
1698,00:00:06.792,-0.041549824178218876
1699,00:00:06.796,-0.03286132495850323
1700,00:00:06.8,-0.0006275027990342037
1701,00:00:06.804,-0.058117932640016065
1702,00:00:06.808,0.04245939757674927
1703,00:00:06.812,0.05669757979921995
1704,00:00:06.816,0.0008498803363181729
1705,00:00:06.82,-0.00368712097406387
1706,00:00:06.824,-0.02639266382902863
1707,00:00:06.828,0.0019733476219698795
1708,00:00:06.832,-0.02299733599647879
1709,00:00:06.836,-0.08751351200044158
1710,00:00:06.84,0.0902218138799072
1711,00:00:06.844,0.09524981584399939
1712,00:00:06.848,0.03822230640798804
1713,00:00:06.852,-0.08351911441423
1714,00:00:06.856,-0.1476939376443625
1715,00:00:06.86,0.020184814929962158
1716,00:00:06.864,0.08937751781195402
1717,00:00:06.868,0.07040147762745623
1718,00:00:06.872,0.010686095818527976
1719,00:00:06.876,-0.06540986057370902
1720,00:00:06.88,-0.0667597120627761
1721,00:00:06.884,0.02432699943892659
1722,00:00:06.888,0.0247160643339157
1723,00:00:06.892,0.03070162923540919
1724,00:00:06.896,0.009904493257636204
1725,00:00:06.9,-0.011818945407867428
1726,00:00:06.904,-0.0694272085092962
1727,00:00:06.908,-0.00257163005881011
1728,00:00:06.912,0.04770130842734953
1729,00:00:06.916,0.043453874066472
1730,00:00:06.92,0.00828518776688725
1731,00:00:06.924,-0.01502044114749874
1732,00:00:06.928,-0.090960929170251
1733,00:00:06.932,-0.010518481023609604
1734,00:00:06.936,0.06464020942803479
1735,00:00:06.94,0.02239028306212271
1736,00:00:06.944,0.011513865552842537
1737,00:00:06.948,0.03223323123529551
1738,00:00:06.952,-0.058264616411179394
1739,00:00:06.956,-0.12076061964035041
1740,00:00:06.96,0.101606797426939
1741,00:00:06.964,0.058967100456357
1742,00:00:06.968,-0.003709506709128641
1743,00:00:06.972,-0.04570958542171867
1744,00:00:06.976,-7.032672874622906e-05
1745,00:00:06.98,-0.017958410084247672
1746,00:00:06.984,0.015249829040840249
1747,00:00:06.988,0.012155422475188981
1748,00:00:06.992,0.007679430302232459
1749,00:00:06.996,0.018018578179180622
1750,00:00:07,-0.05691467935685073
1751,00:00:07.004,-0.014587912941351491
1752,00:00:07.008,0.05066602933220564
1753,00:00:07.012,-0.02834529709070921
1754,00:00:07.016,0.050204285071231425
1755,00:00:07.02,0.04092475399374962
1756,00:00:07.024,-0.1308958139270544
1757,00:00:07.028,-0.0036500573623925803
1758,00:00:07.032,0.07219532446470114
1759,00:00:07.036,0.03226958142840884
1760,00:00:07.04,-0.004744031466543679
1761,00:00:07.044,-0.022561047226190598
1762,00:00:07.048,-0.05079508945345875
1763,00:00:07.052,-0.012335156090557575
1764,00:00:07.056,0.047106871381402
1765,00:00:07.06,0.042999121244065415
1766,00:00:07.064,-0.03485684655606746
1767,00:00:07.068,-0.03530929749831559
1768,00:00:07.072,0.015161063347477466
1769,00:00:07.076,0.02163686137646435
1770,00:00:07.08,0.0058146547526121105
1771,00:00:07.084,-0.01973069785162803
1772,00:00:07.088,0.0240051373839378
1773,00:00:07.092,-0.01242525689303874
1774,00:00:07.096,-0.0007609399035573318
1775,00:00:07.1,-0.021642493491526728
1776,00:00:07.104,-0.05788970179855821
1777,00:00:07.108,0.05724633787758652
1778,00:00:07.112,0.0555178485810757
1779,00:00:07.116,0.04887287924066178
1780,00:00:07.12,-0.0825761593878269
1781,00:00:07.124,-0.038516398984938895
1782,00:00:07.128,0.027316403109580226
1783,00:00:07.132,-0.04379021318163723
1784,00:00:07.136,0.04207696020603176
1785,00:00:07.14,0.047983140684664194
1786,00:00:07.144,-0.006689676549285642
1787,00:00:07.148,-0.0550856227055191
1788,00:00:07.152,-0.018694236874580373
1789,00:00:07.156,0.016321745235472872
1790,00:00:07.16,0.048477450385689694
1791,00:00:07.164,0.01619924325495959
1792,00:00:07.168,-0.01803658952121621
1793,00:00:07.172,-0.00401501636952161
1794,00:00:07.176,-0.0019258945249020984
1795,00:00:07.18,-0.1082817493006588
1796,00:00:07.184,-0.01352094532921913
1797,00:00:07.188,0.1209386475384236
1798,00:00:07.192,0.06569141149520868
1799,00:00:07.196,-0.02845576964318751
1800,00:00:07.2,-0.00606661150231962
1801,00:00:07.204,-0.06362034007906921
1802,00:00:07.208,-0.01721150428056721
1803,00:00:07.212,-0.020793822720406738
1804,00:00:07.216,0.0418389122933149
1805,00:00:07.22,0.01304620830342174
1806,00:00:07.224,0.016617400862742257
1807,00:00:07.228,0.012272786349058139
1808,00:00:07.232,-0.02982859942130748
1809,00:00:07.236,-0.00391967175528407
1810,00:00:07.24,0.02733824169263243
1811,00:00:07.244,-0.0364645440131426
1812,00:00:07.248,-0.02869815891608593
1813,00:00:07.252,0.048963417299091885
1814,00:00:07.256,0.035914062988013
1815,00:00:07.26,-0.046721528284251704
1816,00:00:07.264,-0.013895446885726465
1817,00:00:07.268,-0.005866233725100758
1818,00:00:07.272,0.03248770767822864
1819,00:00:07.276,0.0041312368120998404
1820,00:00:07.28,-0.020920729031786357
1821,00:00:07.284,0.0006387436296790903
1822,00:00:07.288,0.04087012214586134
1823,00:00:07.292,-0.01740269362926478
1824,00:00:07.296,-0.028787327348254652
1825,00:00:07.3,-0.011627715080976486
1826,00:00:07.304,-0.023008916061371516
1827,00:00:07.308,0.04331019101664424
1828,00:00:07.312,0.0531343249604106
1829,00:00:07.316,-0.01230931957252323
1830,00:00:07.32,-0.04879489331506185
1831,00:00:07.324,0.0021825977601111395
1832,00:00:07.328,0.013363314094021911
1833,00:00:07.332,-0.013204711256548738
1834,00:00:07.336,0.004215209977701301
1835,00:00:07.34,0.007834992371499473
1836,00:00:07.344,-0.0038059405660533195
1837,00:00:07.348,-0.015113711822777912
1838,00:00:07.352,0.0169144831597805
1839,00:00:07.356,0.004503847449086605
1840,00:00:07.36,0.0041124394629150785
1841,00:00:07.364,0.002898851176723836
1842,00:00:07.368,-0.00656689913012087
1843,00:00:07.372,0.010819140821695349
1844,00:00:07.376,-0.02006271714344624
1845,00:00:07.38,-0.0229514576494694
1846,00:00:07.384,-0.025641724932938852
1847,00:00:07.388,0.016216121613979305
1848,00:00:07.392,0.07343044225126506
1849,00:00:07.396,0.03500634513329711
1850,00:00:07.4,-0.0121833942830563
1851,00:00:07.404,-0.07770240865647787
1852,00:00:07.408,-0.03389805136248474
1853,00:00:07.412,0.04707747348584234
1854,00:00:07.416,-0.020722188695799518
1855,00:00:07.42,0.014389926567673668
1856,00:00:07.424,-0.011454133200459212
1857,00:00:07.428,0.0376375233754515
1858,00:00:07.432,0.012543105753138661
1859,00:00:07.436,0.007789331371896003
1860,00:00:07.44,-0.028083191020414296
1861,00:00:07.444,-0.021346498513594277
1862,00:00:07.448,-0.0041660794522613296
1863,00:00:07.452,0.03269214136525993
1864,00:00:07.456,-0.027623433619737594
1865,00:00:07.46,-0.01553119334857906
1866,00:00:07.464,-0.01915851864032448
1867,00:00:07.468,0.0485492907464504
1868,00:00:07.472,0.04526384196651628
1869,00:00:07.476,0.006961844133911648
1870,00:00:07.48,-0.02236863656435165
1871,00:00:07.484,-0.01301255193538967
1872,00:00:07.488,-0.029561141127487735
1873,00:00:07.492,-0.0902936840429902
1874,00:00:07.496,0.06152701191604144
1875,00:00:07.5,0.036353791016154
1876,00:00:07.504,0.09989280626177784
1877,00:00:07.508,-0.08253512531518939
1878,00:00:07.512,-0.07115467730909587
1879,00:00:07.516,0.05264703556895255
1880,00:00:07.52,0.0366140557453037
1881,00:00:07.524,-0.02733067818917334
1882,00:00:07.528,0.022629456594586393
1883,00:00:07.532,0.01669380627572542
1884,00:00:07.536,-0.0772804639709648
1885,00:00:07.54,-0.0473469833377749
1886,00:00:07.544,0.05335499614011495
1887,00:00:07.548,0.07363191025797285
1888,00:00:07.552,0.02984049613587555
1889,00:00:07.556,-0.0638713492080569
1890,00:00:07.56,-0.1144490262959152
1891,00:00:07.564,0.05461229849606753
1892,00:00:07.568,0.08816037749056713
1893,00:00:07.572,0.04453140497207639
1894,00:00:07.576,-0.038262397516518803
1895,00:00:07.58,-0.1193627920001746
1896,00:00:07.584,0.009038177318871018
1897,00:00:07.588,0.0634752353653312
1898,00:00:07.592,0.047853741794824586
1899,00:00:07.596,-0.0043979301699437305
1900,00:00:07.6,-0.03206338360905643
1901,00:00:07.604,-0.028494212776422494
1902,00:00:07.608,-0.011131832376122478
1903,00:00:07.612,0.00932085234671834
1904,00:00:07.616,0.01737079303711657
1905,00:00:07.62,-0.00730041950009759
1906,00:00:07.624,0.03653951501473787
1907,00:00:07.628,-0.0031316019594669307
1908,00:00:07.632,-0.019438857532804818
1909,00:00:07.636,-0.016954092774540186
1910,00:00:07.64,-0.006188311148434919
1911,00:00:07.644,0.03073747376038224
1912,00:00:07.648,-0.03390746912918982
1913,00:00:07.652,-0.004130388144403658
1914,00:00:07.656,0.039414920844137696
1915,00:00:07.66,0.01417514483910051
1916,00:00:07.664,-0.02156656654551628
1917,00:00:07.668,0.03582735848613082
1918,00:00:07.672,-0.06573382376518566
1919,00:00:07.676,-0.022177202088641965
1920,00:00:07.68,0.05046655749902128
1921,00:00:07.684,0.01749402889981861
1922,00:00:07.688,-0.04297677939757699
1923,00:00:07.692,0.007260671583935621
1924,00:00:07.696,0.036720121279358905
1925,00:00:07.7,-0.00314658647403121
1926,00:00:07.704,-0.00046239583753049113
1927,00:00:07.708,0.028471813071519112
1928,00:00:07.712,-0.09135301550850272
1929,00:00:07.716,-0.06099641928449278
1930,00:00:07.72,0.06149473972618581
1931,00:00:07.724,0.08212498808279628
1932,00:00:07.728,0.04002547776326536
1933,00:00:07.732,-0.02142376854317264
1934,00:00:07.736,-0.0365331247448921
1935,00:00:07.74,-0.0605401815846562
1936,00:00:07.744,-0.018559801392257203
1937,00:00:07.748,0.02696255920454861
1938,00:00:07.752,-0.0029639245476573515
1939,00:00:07.756,0.062266295775771106
1940,00:00:07.76,0.031998641788959496
1941,00:00:07.764,-0.00518613652093336
1942,00:00:07.768,-0.0515846665948629
1943,00:00:07.772,-0.07720050049829298
1944,00:00:07.776,0.00540320202708245
1945,00:00:07.78,0.06375695718452337
1946,00:00:07.784,0.05250538233667609
1947,00:00:07.788,0.014897503890097169
1948,00:00:07.792,-0.0294678709469736
1949,00:00:07.796,-0.05096154101192953
1950,00:00:07.8,-0.026691384147852694
1951,00:00:07.804,-0.01904529979219664
1952,00:00:07.808,0.04057847615331408
1953,00:00:07.812,0.06666031561326227
1954,00:00:07.816,0.008907139766961343
1955,00:00:07.82,-0.026679179805796593
1956,00:00:07.824,-0.06160428363364193
1957,00:00:07.828,0.04568565078079702
1958,00:00:07.832,-0.012202707119286029
1959,00:00:07.836,-0.0292808702215552
1960,00:00:07.84,0.0499457437545061
1961,00:00:07.844,-0.006706485612085082
1962,00:00:07.848,-0.08343917760066694
1963,00:00:07.852,0.019296491052955392
1964,00:00:07.856,0.09834840893745428
1965,00:00:07.86,0.026785281021147963
1966,00:00:07.864,-0.02753189299255612
1967,00:00:07.868,-0.03339395998045804
1968,00:00:07.872,-0.03874980681575839
1969,00:00:07.876,-0.02633331548713617
1970,00:00:07.88,0.03021271678153423
1971,00:00:07.884,0.018040887574898072
1972,00:00:07.888,0.009399251604918397
1973,00:00:07.892,0.011057382274884765
1974,00:00:07.896,0.0071728404145687905
1975,00:00:07.9,-0.0027695834869518893
1976,00:00:07.904,-0.015621559461578696
1977,00:00:07.908,-0.0351965529844165
1978,00:00:07.912,0.024140085093677
1979,00:00:07.916,0.013156166736735017
1980,00:00:07.92,-0.05129709397442645
1981,00:00:07.924,0.029141022823751042
1982,00:00:07.928,0.04919359553605316
1983,00:00:07.932,0.0073028617189265805
1984,00:00:07.936,-0.03986163623631
1985,00:00:07.94,-0.004402899648994248
1986,00:00:07.944,-0.023548835888505
1987,00:00:07.948,0.014903648756444492
1988,00:00:07.952,0.03211309714242813
1989,00:00:07.956,-0.006499934475868941
1990,00:00:07.96,-0.0016516805626451917
1991,00:00:07.964,-0.02429381721594838
1992,00:00:07.968,0.00831340288277715
1993,00:00:07.972,-0.023770265746861696
1994,00:00:07.976,0.03137453680392351
1995,00:00:07.98,0.00773461116477847
1996,00:00:07.984,-0.028422681614756563
1997,00:00:07.988,0.02578892500605428
1998,00:00:07.992,0.011608965651248557
1999,00:00:07.996,-0.01791455131024121
2000,00:00:08,0.02396553987637163
2001,00:00:08.004,-0.051304185763001525
2002,00:00:08.008,-0.02985067106783397
2003,00:00:08.012,0.0586075140163302
2004,00:00:08.016,0.021715292241424378
2005,00:00:08.02,-0.01986395660787819
2006,00:00:08.024,0.023073757765814662
2007,00:00:08.028,-0.02104513999074702
2008,00:00:08.032,-0.033431001473218244
2009,00:00:08.036,0.020011193584650748
2010,00:00:08.04,0.012482124380767401
2011,00:00:08.044,0.006841073976829648
2012,00:00:08.048,-0.032507780124433325
2013,00:00:08.052,-0.0284657636657358
2014,00:00:08.056,0.04471213184297086
2015,00:00:08.06,0.03672430571168665
2016,00:00:08.064,-0.006434369861381126
2017,00:00:08.068,-0.00887300074100493
2018,00:00:08.072,-0.012538756767753519
2019,00:00:08.076,-0.004682091996073719
2020,00:00:08.08,-0.015425960940774523
2021,00:00:08.084,-0.0357690348755568
2022,00:00:08.088,0.007100136484950781
2023,00:00:08.092,0.044060079235350734
2024,00:00:08.096,0.02008298970758915
2025,00:00:08.1,0.05743695842102175
2026,00:00:08.104,-0.022797042736783582
2027,00:00:08.108,-0.0886017717421055
2028,00:00:08.112,-0.03701011231169103
2029,00:00:08.116,-0.0002999042626470284
2030,00:00:08.12,0.08425793121568861
2031,00:00:08.124,0.05621740204514937
2032,00:00:08.128,-0.04369387147016832
2033,00:00:08.132,-0.05234837252646683
2034,00:00:08.136,0.01859089219942686
2035,00:00:08.14,-0.0025804880715440967
2036,00:00:08.144,0.002071737922960895
2037,00:00:08.148,0.01590551412664355
2038,00:00:08.152,0.00976747972890733
2039,00:00:08.156,-0.01147764082998038
2040,00:00:08.16,-0.023100705351680517
2041,00:00:08.164,0.00427736295387149
2042,00:00:08.168,0.007829045469406992
2043,00:00:08.172,0.02895949897356336
2044,00:00:08.176,-0.04212033472140323
2045,00:00:08.18,-0.007431184640154244
2046,00:00:08.184,0.048694510944187655
2047,00:00:08.188,-0.01674790121614933
2048,00:00:08.192,0.0044391646515578
2049,00:00:08.196,-0.016467591165564968
2050,00:00:08.2,0.025758281350135737
2051,00:00:08.204,-0.0689876163378357
2052,00:00:08.208,-0.00710126233752821
2053,00:00:08.212,0.06218469562008978
2054,00:00:08.216,0.04364746669307351
2055,00:00:08.22,-0.015368269465398052
2056,00:00:08.224,-0.024914633017033342
2057,00:00:08.228,-0.013373188907280559
2058,00:00:08.232,0.01110046287067234
2059,00:00:08.236,-0.013693200889974829
2060,00:00:08.24,-0.03491890197619793
2061,00:00:08.244,-0.02133086789399388
2062,00:00:08.248,0.049958869349211454
2063,00:00:08.252,0.0725121926516295
2064,00:00:08.256,-0.00746639387216419
2065,00:00:08.26,-0.034295068122446544
2066,00:00:08.264,-0.03124988451600071
2067,00:00:08.268,-0.02038996480405324
2068,00:00:08.272,-0.02044066507369281
2069,00:00:08.276,0.038021626416593755
2070,00:00:08.28,0.037266762461513316
2071,00:00:08.284,0.007531188894063229
2072,00:00:08.288,-0.01039035525172949
2073,00:00:08.292,-0.002698976255487649
2074,00:00:08.296,0.0021389485918916766
2075,00:00:08.3,-0.024678556015714982
2076,00:00:08.304,-0.09259853861294684
2077,00:00:08.308,0.0799116892740131
2078,00:00:08.312,0.05309795401990422
2079,00:00:08.316,-0.01213186490349472
2080,00:00:08.32,0.02057438169140373
2081,00:00:08.324,-0.016580221708863974
2082,00:00:08.328,-0.059279964538291076
2083,00:00:08.332,0.005683821626007559
2084,00:00:08.336,0.003428211435675621
2085,00:00:08.34,0.027082303538918523
2086,00:00:08.344,0.021974686125759084
2087,00:00:08.348,-0.0008572638034820496
2088,00:00:08.352,-0.03186872892547395
2089,00:00:08.356,-0.02516383584588766
2090,00:00:08.36,0.016040178015828133
2091,00:00:08.364,0.014940709341317467
2092,00:00:08.368,0.020857468945905528
2093,00:00:08.372,0.0020098992390558106
2094,00:00:08.376,0.012644146801903839
2095,00:00:08.38,-0.02572268046787941
2096,00:00:08.384,-0.05224256240762764
2097,00:00:08.388,0.00396115914918484
2098,00:00:08.392,0.03272346640005706
2099,00:00:08.396,0.0118665832560509
2100,00:00:08.4,0.01138058584183454
2101,00:00:08.404,-0.0004463655641302503
2102,00:00:08.408,0.04745008982717992
2103,00:00:08.412,-0.054474399250466404
2104,00:00:08.416,-0.06382436864078046
2105,00:00:08.42,-0.00360061903484166
2106,00:00:08.424,0.032243190333247206
2107,00:00:08.428,0.06312532676383852
2108,00:00:08.432,0.002855428960174291
2109,00:00:08.436,-0.01205948786810038
2110,00:00:08.44,-0.0034977225586772
2111,00:00:08.444,-0.04707797337323426
2112,00:00:08.448,0.00398493569809943
2113,00:00:08.452,-0.014219050994142892
2114,00:00:08.456,-0.004340004175901399
2115,00:00:08.46,0.03907032031565905
2116,00:00:08.464,0.03901047538965948
2117,00:00:08.468,-0.001876833615824581
2118,00:00:08.472,-0.011339276809849214
2119,00:00:08.476,-0.03798342170193793
2120,00:00:08.48,-0.01578303240239621
2121,00:00:08.484,0.01239603804424401
2122,00:00:08.488,-0.009053899833816055
2123,00:00:08.492,0.034306798130273826
2124,00:00:08.496,0.01777127850800756
2125,00:00:08.5,-0.010590268298983598
2126,00:00:08.504,-0.0305402614176273
2127,00:00:08.508,-0.03159032436087735
2128,00:00:08.512,0.08055021520704034
2129,00:00:08.516,-0.008973896503448481
2130,00:00:08.52,-0.11893356218934062
2131,00:00:08.524,0.041441282257437734
2132,00:00:08.528,0.10156540479511018
2133,00:00:08.532,0.0419191918335855
2134,00:00:08.536,-0.03857761621475222
2135,00:00:08.54,-0.08014076948165895
2136,00:00:08.544,-0.03424337878823281
2137,00:00:08.548,0.012692616699496275
2138,00:00:08.552,0.02521570213139059
2139,00:00:08.556,0.03071626159362489
2140,00:00:08.56,0.024690182181075222
2141,00:00:08.564,0.026591337576974197
2142,00:00:08.568,-0.04294355120509866
2143,00:00:08.572,-0.05731787625700244
2144,00:00:08.576,-0.002079909667372701
2145,00:00:08.58,0.04967399663291873
2146,00:00:08.584,-0.0021109918598085312
2147,00:00:08.588,-0.01101311016827822
2148,00:00:08.592,-0.03142489818856117
2149,00:00:08.596,0.057736692950129495
2150,00:00:08.6,0.022501769068185226
2151,00:00:08.604,-0.0024285765830427113
2152,00:00:08.608,-0.0635295258834957
2153,00:00:08.612,-0.07829313911497589
2154,00:00:08.616,0.0929222805425525
2155,00:00:08.62,0.056816680356860105
2156,00:00:08.624,0.00236233510077004
2157,00:00:08.628,-0.02509246306726704
2158,00:00:08.632,-0.04013686158577909
2159,00:00:08.636,-0.02295246254652734
2160,00:00:08.64,0.017342267907224616
2161,00:00:08.644,0.008181239769328377
2162,00:00:08.648,0.0178111526183784
2163,00:00:08.652,0.02555318968370554
2164,00:00:08.656,0.009125927696004479
2165,00:00:08.66,-0.0653298700344749
2166,00:00:08.664,-0.04164661420509225
2167,00:00:08.668,0.038790536113083356
2168,00:00:08.672,0.06648003309965139
2169,00:00:08.676,0.04282599361613393
2170,00:00:08.68,-0.04039769480004911
2171,00:00:08.684,-0.15000633706586075
2172,00:00:08.688,0.024373656255193017
2173,00:00:08.692,0.11044120974838731
2174,00:00:08.696,0.031920759007334695
2175,00:00:08.7,-0.032773894956335425
2176,00:00:08.704,-0.01366007886826996
2177,00:00:08.708,-0.0028527989052236098
2178,00:00:08.712,-0.02298635942861435
2179,00:00:08.716,-0.019142485223710544
2180,00:00:08.72,0.010994324460625631
2181,00:00:08.724,0.02771260554436593
2182,00:00:08.728,0.003808388486504579
2183,00:00:08.732,0.01147487689740956
2184,00:00:08.736,-0.002713261346798398
2185,00:00:08.74,-0.03151303681079299
2186,00:00:08.744,0.02987843006849291
2187,00:00:08.748,-0.00893769343383611
2188,00:00:08.752,-0.0955615974962711
2189,00:00:08.756,0.051667596213519615
2190,00:00:08.76,0.0695613601710647
2191,00:00:08.764,0.04846227914094925
2192,00:00:08.768,-0.029807090759277295
2193,00:00:08.772,-0.0902351904660464
2194,00:00:08.776,-0.02645202004350724
2195,00:00:08.78,0.03248717106180272
2196,00:00:08.784,0.036132227513007834
2197,00:00:08.788,0.03650048095732932
2198,00:00:08.792,-0.01062087155878545
2199,00:00:08.796,-0.03177596163004636
2200,00:00:08.8,-0.015499489381909412
2201,00:00:08.804,0.03234085207805035
2202,00:00:08.808,0.0007528387941420495
2203,00:00:08.812,-0.0140714515000582
2204,00:00:08.816,-0.03192561771720648
2205,00:00:08.82,-0.0161641545128077
2206,00:00:08.824,0.037413953803479665
2207,00:00:08.828,0.05007004644721745
2208,00:00:08.832,-0.012152787297963999
2209,00:00:08.836,-0.01928436569869523
2210,00:00:08.84,-0.07420337339863181
2211,00:00:08.844,0.05008639511652287
2212,00:00:08.848,0.030651557259261657
2213,00:00:08.852,0.025034110381966464
2214,00:00:08.856,-0.02678961772471669
2215,00:00:08.86,0.016041846945881837
2216,00:00:08.864,0.01264526834711433
2217,00:00:08.868,-0.15244772285222974
2218,00:00:08.872,0.01471699774265292
2219,00:00:08.876,0.109050259925425
2220,00:00:08.88,0.0566441011615097
2221,00:00:08.884,-0.00963675766251982
2222,00:00:08.888,-0.032375712879002115
2223,00:00:08.892,-0.05389687186107034
2224,00:00:08.896,-0.02425648085772987
2225,00:00:08.9,0.03381967870518568
2226,00:00:08.904,0.01584586780518292
2227,00:00:08.908,0.0060308706015348695
2228,00:00:08.912,0.0003702146495925269
2229,00:00:08.916,-0.0024041841825237463
2230,00:00:08.92,0.017783426796086136
2231,00:00:08.924,-0.04475598526187238
2232,00:00:08.928,-0.00596584216691553
2233,00:00:08.932,0.0574564496055245
2234,00:00:08.936,-0.031150323222391342
2235,00:00:08.94,-0.004418432712554942
2236,00:00:08.944,-0.011801439177361291
2237,00:00:08.948,0.04128317162394529
2238,00:00:08.952,-0.005147416202817116
2239,00:00:08.956,-0.012199596036225528
2240,00:00:08.96,-0.019017565879039494
2241,00:00:08.964,0.0093380733160302
2242,00:00:08.968,0.028680468909442404
2243,00:00:08.972,-0.02569373592268679
2244,00:00:08.976,-0.07280989084392783
2245,00:00:08.98,0.04808839689940209
2246,00:00:08.984,0.05511606670916079
2247,00:00:08.988,0.018487890483811484
2248,00:00:08.992,-0.010200201999396079
2249,00:00:08.996,-0.0326825315132737
2250,00:00:09,-0.03057330567389729
2251,00:00:09.004,0.012061826419085271
2252,00:00:09.008,0.05056057625915848
2253,00:00:09.012,-0.09187311283312735
2254,00:00:09.016,-0.0457421476021409
2255,00:00:09.02,0.10310601629316811
2256,00:00:09.024,0.0799045572057366
2257,00:00:09.028,-0.012551628984510888
2258,00:00:09.032,-0.05089187156409028
2259,00:00:09.036,0.01763292402029038
2260,00:00:09.04,-0.0980696687474846
2261,00:00:09.044,-0.04319272655993696
2262,00:00:09.048,0.07735747774131603
2263,00:00:09.052,0.06762055540457365
2264,00:00:09.056,0.05195973068475725
2265,00:00:09.06,-0.02246979763731361
2266,00:00:09.064,-0.1758070420473812
2267,00:00:09.068,0.030607675667852132
2268,00:00:09.072,0.08184185670688751
2269,00:00:09.076,0.03894543659407643
2270,00:00:09.08,-0.007254214608110482
2271,00:00:09.084,-0.009976504137739529
2272,00:00:09.088,-0.03719835542142395
2273,00:00:09.092,-0.027111099101603028
2274,00:00:09.096,0.0019748273771256195
2275,00:00:09.1,0.04071675147861244
2276,00:00:09.104,0.03439136268571024
2277,00:00:09.108,-0.06585420737974347
2278,00:00:09.112,0.02848473703488707
2279,00:00:09.116,-0.012620433699339587
2280,00:00:09.12,0.0171618741005659
2281,00:00:09.124,0.00840234023053201
2282,00:00:09.128,-0.005189225252252081
2283,00:00:09.132,-0.048378929495811476
2284,00:00:09.136,-0.006347641814500059
2285,00:00:09.14,0.06678290572017431
2286,00:00:09.144,0.022059940267354222
2287,00:00:09.148,-0.01205923222005367
2288,00:00:09.152,-0.02262117378995758
2289,00:00:09.156,-0.013584235683083541
2290,00:00:09.16,-0.05662486422806981
2291,00:00:09.164,-0.019899825798347603
2292,00:00:09.168,0.09324213230866005
2293,00:00:09.172,0.048129674745723564
2294,00:00:09.176,-0.02105983812361953
2295,00:00:09.18,-0.033373040612787036
2296,00:00:09.184,-0.04155710409395404
2297,00:00:09.188,0.01787399343447759
2298,00:00:09.192,0.03999433433637027
2299,00:00:09.196,-0.02270860830321908
2300,00:00:09.2,-0.00315793976187706
2301,00:00:09.204,-0.00835710624232888
2302,00:00:09.208,-0.04886747826822108
2303,00:00:09.212,0.06111608864739536
2304,00:00:09.216,0.047159389661828824
2305,00:00:09.22,-0.017808830132708
2306,00:00:09.224,-0.02549105091020466
2307,00:00:09.228,-0.023776585236191722
2308,00:00:09.232,0.007161807734519239
2309,00:00:09.236,0.011800530366599558
2310,00:00:09.24,-0.01464434154331683
2311,00:00:09.244,0.019276556558907032
2312,00:00:09.248,0.012474481016397499
2313,00:00:09.252,-0.0457964269444347
2314,00:00:09.256,-0.0146663887426257
2315,00:00:09.26,0.05945105478167537
2316,00:00:09.264,0.04281524568796157
2317,00:00:09.268,-0.03554175375029444
2318,00:00:09.272,-0.0409384975209832
2319,00:00:09.276,-0.0010292313527315907
2320,00:00:09.28,0.00248039374127983
2321,00:00:09.284,-0.014147966401651517
2322,00:00:09.288,0.029158357821870626
2323,00:00:09.292,0.031815593712963136
2324,00:00:09.296,0.004222457850119116
2325,00:00:09.3,-0.0356494640000165
2326,00:00:09.304,-0.03898904658854
2327,00:00:09.308,-0.01301619876176115
2328,00:00:09.312,0.05613739416003231
2329,00:00:09.316,0.01974226348102088
2330,00:00:09.32,0.03993717255070803
2331,00:00:09.324,-0.0438414858654142
2332,00:00:09.328,-0.0515164723619818
2333,00:00:09.332,-0.01481271756347269
2334,00:00:09.336,0.01875037956051527
2335,00:00:09.34,0.033230344299226985
2336,00:00:09.344,0.02042523422278465
2337,00:00:09.348,0.00971204932830006
2338,00:00:09.352,-0.031557140639051795
2339,00:00:09.356,-0.02733190334402029
2340,00:00:09.36,0.06101473118178544
2341,00:00:09.364,-0.0582266831770539
2342,00:00:09.368,-0.02469318150542673
2343,00:00:09.372,0.01666481886059047
2344,00:00:09.376,0.04678013501688842
2345,00:00:09.38,0.01196196378441525
2346,00:00:09.384,-0.005925499310251323
2347,00:00:09.388,-0.0225945021957159
2348,00:00:09.392,0.044634372345171903
2349,00:00:09.396,-0.07659489009529348
2350,00:00:09.4,-0.08993971534073353
2351,00:00:09.404,0.07776948716491461
2352,00:00:09.408,0.093081536469981
2353,00:00:09.412,0.01620756834745405
2354,00:00:09.416,-0.013648951658979055
2355,00:00:09.42,-0.03673493443056938
2356,00:00:09.424,-0.039305907208472476
2357,00:00:09.428,-0.00906361697707322
2358,00:00:09.432,0.008199591073207557
2359,00:00:09.436,-0.0007311123190447272
2360,00:00:09.44,0.008469736935694524
2361,00:00:09.444,0.01592621160671113
2362,00:00:09.448,0.03197819238994276
2363,00:00:09.452,0.0366673017852009
2364,00:00:09.456,-0.03886682051233948
2365,00:00:09.46,-0.126299861818552
2366,00:00:09.464,0.0241716122254729
2367,00:00:09.468,0.09120745770633223
2368,00:00:09.472,0.029923896887339676
2369,00:00:09.476,-0.01094692212063818
2370,00:00:09.48,-0.028037615527864483
2371,00:00:09.484,-0.03624573536217214
2372,00:00:09.488,0.035464507061988136
2373,00:00:09.492,0.037950526922941166
2374,00:00:09.496,-0.09320388082414863
2375,00:00:09.5,-0.026942732860334207
2376,00:00:09.504,0.06469238386489451
2377,00:00:09.508,0.025334858801215873
2378,00:00:09.512,0.015272686956450338
2379,00:00:09.516,0.0035006068646907793
2380,00:00:09.52,-0.026260363811161386
2381,00:00:09.524,-0.035018877591937815
2382,00:00:09.528,0.00434650445822624
2383,00:00:09.532,0.03786204662173987
2384,00:00:09.536,-5.8249104768029556e-05
2385,00:00:09.54,-0.072219810448587
2386,00:00:09.544,0.026529612950980705
2387,00:00:09.548,0.055702691432088614
2388,00:00:09.552,0.010815031826496131
2389,00:00:09.556,-0.000352459115674727
2390,00:00:09.56,-0.019990188215160694
2391,00:00:09.564,-0.03086838521994652
2392,00:00:09.568,-0.040567594580352376
2393,00:00:09.572,0.012130060466006388
2394,00:00:09.576,0.06143739912658931
2395,00:00:09.58,0.011480968445539471
2396,00:00:09.584,-0.008378990925848501
2397,00:00:09.588,-0.06448748521506786
2398,00:00:09.592,0.02538255322724578
2399,00:00:09.596,0.04230251070111992
2400,00:00:09.6,0.0030034646624699196
2401,00:00:09.604,-0.0018921928276540668
2402,00:00:09.608,-0.03154541179537777
2403,00:00:09.612,-0.018685686634853458
2404,00:00:09.616,-0.03602208290249109
2405,00:00:09.62,0.025452883564867086
2406,00:00:09.624,0.05819729994982478
2407,00:00:09.628,0.023774142609909222
2408,00:00:09.632,0.0014589097481802994
2409,00:00:09.636,-0.04220559215173125
2410,00:00:09.64,-0.053292985307052704
2411,00:00:09.644,0.01224664377514273
2412,00:00:09.648,0.03605449118185793
2413,00:00:09.652,0.011005684325937225
2414,00:00:09.656,-0.010654499288648369
2415,00:00:09.66,-0.005118002649396651
2416,00:00:09.664,0.015079000964760779
2417,00:00:09.668,0.0035431320429779554
2418,00:00:09.672,-0.01896453415974976
2419,00:00:09.676,-0.01836973149329424
2420,00:00:09.68,0.01676883688196538
2421,00:00:09.684,0.011361538898199748
2422,00:00:09.688,-0.01118451438378538
2423,00:00:09.692,0.013219322776421877
2424,00:00:09.696,0.01491964794695382
2425,00:00:09.7,-0.07045809784904128
2426,00:00:09.704,0.0206041568890213
2427,00:00:09.708,0.0490572601556777
2428,00:00:09.712,0.00959789589978757
2429,00:00:09.716,-0.014156490564346272
2430,00:00:09.72,-0.033837738912552616
2431,00:00:09.724,-0.040114172268658835
2432,00:00:09.728,0.06122183403931557
2433,00:00:09.732,0.0272959657013417
2434,00:00:09.736,-0.004896096186712381
2435,00:00:09.74,-0.002966224099509419
2436,00:00:09.744,-0.07509703934192649
2437,00:00:09.748,0.01442345464602109
2438,00:00:09.752,0.04163462098222226
2439,00:00:09.756,0.00242667784914374
2440,00:00:09.76,-0.009021334932185711
2441,00:00:09.764,0.03056220745202154
2442,00:00:09.768,0.00298279314301908
2443,00:00:09.772,-0.045102622359991004
2444,00:00:09.776,-0.037492361036129296
2445,00:00:09.78,0.037792081013321877
2446,00:00:09.784,0.01322147762402888
2447,00:00:09.788,-0.0036450894549489308
2448,00:00:09.792,0.02137136762030424
2449,00:00:09.796,-0.012641735374927493
2450,00:00:09.8,-0.00342486961744726
2451,00:00:09.804,0.004408767446875571
2452,00:00:09.808,0.01716363546438517
2453,00:00:09.812,-0.03832636278821151
2454,00:00:09.816,-0.01696014613844451
2455,00:00:09.82,0.01133279642090205
2456,00:00:09.824,0.02635435853153467
2457,00:00:09.828,0.008281861315481363
2458,00:00:09.832,-0.01632244209758935
2459,00:00:09.836,0.009879990902845751
2460,00:00:09.84,0.0034915476571768505
2461,00:00:09.844,-0.01867931446759033
2462,00:00:09.848,-0.00575252459384492
2463,00:00:09.852,0.0012171932030469214
2464,00:00:09.856,0.0063161174766719706
2465,00:00:09.86,-0.01002722419798379
2466,00:00:09.864,0.02558328397572051
2467,00:00:09.868,0.009229415096342609
2468,00:00:09.872,-0.0057541527785360605
2469,00:00:09.876,0.0029312942642718497
2470,00:00:09.88,-0.006530134938657291
2471,00:00:09.884,-0.0016591483727098014
2472,00:00:09.888,-0.046442050021141774
2473,00:00:09.892,-0.0643588248640299
2474,00:00:09.896,0.08196407742798331
2475,00:00:09.9,0.07179326051846151
2476,00:00:09.904,0.022435805498389576
2477,00:00:09.908,-0.04272453719750047
2478,00:00:09.912,-0.0502453651279211
2479,00:00:09.916,-0.02028358750976621
2480,00:00:09.92,0.0332906655967236
2481,00:00:09.924,0.01581640960648653
2482,00:00:09.928,-0.023639906197786352
2483,00:00:09.932,-0.015622918261215061
2484,00:00:09.936,0.04859031038358811
2485,00:00:09.94,0.010165034560486749
2486,00:00:09.944,-0.027963293716311524
2487,00:00:09.948,-0.021394987998064576
2488,00:00:09.952,0.005080574570456517
2489,00:00:09.956,0.00998762692324818
2490,00:00:09.96,0.020876787399174687
2491,00:00:09.964,-0.0041268692875746716
2492,00:00:09.968,-0.004470062245673031
2493,00:00:09.972,-0.0072937875520437895
2494,00:00:09.976,-0.0064584203100821426
2495,00:00:09.98,-0.006901488552102826
2496,00:00:09.984,-0.0364211993291974
2497,00:00:09.988,0.035726401023566765
2498,00:00:09.992,0.0630599847063422
2499,00:00:09.996,-0.01196017256006599
2500,00:00:10,-0.01655808277428148
2501,00:00:10.004,-0.05443600076250729
2502,00:00:10.008,0.0009655440226197303
2503,00:00:10.012,0.026507305912673466
2504,00:00:10.016,0.028712820203509133
2505,00:00:10.02,0.009614953771233559
2506,00:00:10.024,-0.06862047035247083
2507,00:00:10.028,0.016388546893722343
2508,00:00:10.032,0.01631624321453273
2509,00:00:10.036,0.014705371111631428
2510,00:00:10.04,-0.0029789275722578203
2511,00:00:10.044,-0.0018199363257735898
2512,00:00:10.048,-0.005490105482749642
2513,00:00:10.052,-0.0017823181115090908
2514,00:00:10.056,0.0012774227652698799
2515,00:00:10.06,-0.00023249338846653006
2516,00:00:10.064,-0.007652153726667251
2517,00:00:10.068,0.0025940123596228442
2518,00:00:10.072,0.002450827043503509
2519,00:00:10.076,0.004664809443056579
2520,00:00:10.08,0.008078774844761966
2521,00:00:10.084,0.00538142747245729
2522,00:00:10.088,-0.02128667733632028
2523,00:00:10.092,-0.02082292968407274
2524,00:00:10.096,0.02253231953363866
2525,00:00:10.1,-0.01381313288584351
2526,00:00:10.104,0.02050489233806729
2527,00:00:10.108,0.033844842109829194
2528,00:00:10.112,-0.015425514429807658
2529,00:00:10.116,-0.02417522296309468
2530,00:00:10.12,-0.036768275080248776
2531,00:00:10.124,0.008729436900466679
2532,00:00:10.128,0.0521099623292684
2533,00:00:10.132,0.009032414876855875
2534,00:00:10.136,-0.02428589900955559
2535,00:00:10.14,-0.00807744532357901
2536,00:00:10.144,-0.004823410301469289
2537,00:00:10.148,0.0034870400559157393
2538,00:00:10.152,-0.01615652930922803
2539,00:00:10.156,0.0179698988795281
2540,00:00:10.16,0.0035049081780016496
2541,00:00:10.164,0.00042186048813167183
2542,00:00:10.168,-0.0018579603638499997
2543,00:00:10.172,0.022778418380767083
2544,00:00:10.176,-0.02270258427597578
2545,00:00:10.18,-0.01523804245516658
2546,00:00:10.184,0.012060930952429771
2547,00:00:10.188,0.017477412009611722
2548,00:00:10.192,-0.02233150927349925
2549,00:00:10.196,-0.01251961279194802
2550,00:00:10.2,0.02549580251798034
2551,00:00:10.204,-0.004688207787694411
2552,00:00:10.208,0.0009328557644039306
2553,00:00:10.212,0.00723370001651346
2554,00:00:10.216,-0.0063808721024543585
2555,00:00:10.22,-0.02712200267706062
2556,00:00:10.224,0.01985456120019083
2557,00:00:10.228,0.03070743568241596
2558,00:00:10.232,-0.01065423313411884
2559,00:00:10.236,-0.013606987486127806
2560,00:00:10.24,-0.030428787227719967
2561,00:00:10.244,0.01470028329640628
2562,00:00:10.248,0.02501710038632153
2563,00:00:10.252,0.0021532083737838487
2564,00:00:10.256,-0.009550304152071431
2565,00:00:10.26,-0.00796568649820984
2566,00:00:10.264,-0.012791451299563059
2567,00:00:10.268,0.011849764734506614
2568,00:00:10.272,0.003417212632484741
2569,00:00:10.276,0.0218826166819781
2570,00:00:10.28,0.01212254888378083
2571,00:00:10.284,-0.04549464490264653
2572,00:00:10.288,-0.02411821112036705
2573,00:00:10.292,0.02853673696517947
2574,00:00:10.296,0.00963588943704966
2575,00:00:10.3,0.01449688558932389
2576,00:00:10.304,0.01046715467236938
2577,00:00:10.308,-0.0243111029267311
2578,00:00:10.312,-0.015411535976454616
2579,00:00:10.316,0.00288165011443198
2580,00:00:10.32,0.04087234195321801
2581,00:00:10.324,-0.009321615856606506
2582,00:00:10.328,-0.10877035389421508
2583,00:00:10.332,0.045997142558917375
2584,00:00:10.336,0.08882877603173259
2585,00:00:10.34,0.019588068127632093
2586,00:00:10.344,-0.04618136206408965
2587,00:00:10.348,-0.038167528284247985
2588,00:00:10.352,-0.022709027398377667
2589,00:00:10.356,0.04111189581453793
2590,00:00:10.36,0.002618516795337148
2591,00:00:10.364,0.010312026541214436
2592,00:00:10.368,-0.0357244666665793
2593,00:00:10.372,0.018632722087204477
2594,00:00:10.376,0.022429188538808376
2595,00:00:10.38,-0.003153334779199207
2596,00:00:10.384,-0.03471316443756222
2597,00:00:10.388,0.02244971832260486
2598,00:00:10.392,0.006937658647075292
2599,00:00:10.396,-0.012366644339635972
2600,00:00:10.4,0.02554276026785369
2601,00:00:10.404,-0.04905210086144504
2602,00:00:10.408,-0.021110609173774796
2603,00:00:10.412,0.052108484786003856
2604,00:00:10.416,0.027072304859757382
2605,00:00:10.42,0.03037895867601035
2606,00:00:10.424,-0.10806827154010526
2607,00:00:10.428,-0.015979457471985373
2608,00:00:10.432,0.07234328286722298
2609,00:00:10.436,0.03301503171678633
2610,00:00:10.44,0.006691057817079141
2611,00:00:10.444,-0.0008468953892588286
2612,00:00:10.448,-0.19287552870810082
2613,00:00:10.452,0.05780668975785372
2614,00:00:10.456,0.11299267981667072
2615,00:00:10.46,0.06344262626953416
2616,00:00:10.464,-0.007524490094510835
2617,00:00:10.468,-0.0971300462260842
2618,00:00:10.472,-0.0320216468535363
2619,00:00:10.476,0.018102696631103758
2620,00:00:10.48,0.02312666038051247
2621,00:00:10.484,0.0225241831503808
2622,00:00:10.488,-0.023742182616842935
2623,00:00:10.492,-0.0411941593047231
2624,00:00:10.496,0.032046428881585626
2625,00:00:10.5,0.05147099262103439
2626,00:00:10.504,0.040138275828212465
2627,00:00:10.508,-0.0671875923871994
2628,00:00:10.512,-0.0696349865756929
2629,00:00:10.516,0.0036574644036591105
2630,00:00:10.52,0.0405249223113059
2631,00:00:10.524,0.05762203132326252
2632,00:00:10.528,0.005607071158010518
2633,00:00:10.532,-0.026051196502521613
2634,00:00:10.536,-0.030168070225045102
2635,00:00:10.54,-0.03777371719479565
2636,00:00:10.544,0.02141496259719133
2637,00:00:10.548,0.020610835403204
2638,00:00:10.552,0.03739186143502586
2639,00:00:10.556,0.008468057014397345
2640,00:00:10.56,-0.05482130683958534
2641,00:00:10.564,-0.010014883242547519
2642,00:00:10.568,0.00535276951995911
2643,00:00:10.572,0.01653708727098998
2644,00:00:10.576,0.01924713747575876
2645,00:00:10.58,0.00824761763215066
2646,00:00:10.584,-0.06651792395859954
2647,00:00:10.588,0.04202964529395106
2648,00:00:10.592,0.0007943154196254872
2649,00:00:10.596,0.0039350457955151805
2650,00:00:10.6,0.03163613937795163
2651,00:00:10.604,-0.0428430754691362
2652,00:00:10.608,-0.01020226790569722
2653,00:00:10.612,-0.01324118021875615
2654,00:00:10.616,-0.00035362318158149025
2655,00:00:10.62,0.058686044998466996
2656,00:00:10.624,-0.006472948938608218
2657,00:00:10.628,0.0005158820422366214
2658,00:00:10.632,-0.0656034098938108
2659,00:00:10.636,0.00755914254114032
2660,00:00:10.64,0.0503847859799862
2661,00:00:10.644,0.01920493971556424
2662,00:00:10.648,-0.01192025979980823
2663,00:00:10.652,-0.01928532496094705
2664,00:00:10.656,-0.02991518937051297
2665,00:00:10.66,0.00597688090056181
2666,00:00:10.664,0.0019259420223534099
2667,00:00:10.668,0.013585217180661812
2668,00:00:10.672,0.026669186714571004
2669,00:00:10.676,-0.011187737341970191
2670,00:00:10.68,-0.0014622047310695078
2671,00:00:10.684,0.00762745225802064
2672,00:00:10.688,-0.03546405024826532
2673,00:00:10.692,-0.00955953646916897
2674,00:00:10.696,0.01868356578052041
2675,00:00:10.7,-0.00401164265349504
2676,00:00:10.704,0.010607674252241869
2677,00:00:10.708,0.05329799279570582
2678,00:00:10.712,-0.019749855273403248
2679,00:00:10.716,-0.06751746637746688
2680,00:00:10.72,0.01518207648769026
2681,00:00:10.724,0.020888085011392832
2682,00:00:10.728,-0.006341859218082393
2683,00:00:10.732,0.01705074310302735
2684,00:00:10.736,0.002829653094522603
2685,00:00:10.74,-0.00010777311399580956
2686,00:00:10.744,-0.014089670497924098
2687,00:00:10.748,-0.016239258198766066
2688,00:00:10.752,-0.0036196371656842495
2689,00:00:10.756,0.01771199551876633
2690,00:00:10.76,0.02586951432749628
2691,00:00:10.764,-0.011461169458925719
2692,00:00:10.768,-0.0007418345194309889
2693,00:00:10.772,-0.05383585719391709
2694,00:00:10.776,0.019868043716996887
2695,00:00:10.78,0.0452946107834577
2696,00:00:10.784,0.01623871526680887
2697,00:00:10.788,-0.015070292167365523
2698,00:00:10.792,-0.0528634265065193
2699,00:00:10.796,-0.01981725858058778
2700,00:00:10.8,0.061521628871560104
2701,00:00:10.804,-0.007632391760125739
2702,00:00:10.808,0.0036645026411861
2703,00:00:10.812,0.03494607785250994
2704,00:00:10.816,-0.05095217423513535
2705,00:00:10.82,-0.015404924284666758
2706,00:00:10.824,0.016495989868417393
2707,00:00:10.828,0.01976990810362623
2708,00:00:10.832,-0.007684190757572651
2709,00:00:10.836,-0.024761859327554737
2710,00:00:10.84,0.016166948713362238
2711,00:00:10.844,0.003681643545860429
2712,00:00:10.848,0.005069752922281621
2713,00:00:10.852,-0.003319193958304822
2714,00:00:10.856,0.0032973909983411496
2715,00:00:10.86,-0.00855978019535542
2716,00:00:10.864,0.00011358136544004104
2717,00:00:10.868,0.00863612606190145
2718,00:00:10.872,-0.004181172000244239
2719,00:00:10.876,-0.010799879091791798
2720,00:00:10.88,0.0047753797844052315
2721,00:00:10.884,0.010733740404248241
2722,00:00:10.888,0.03227717778645457
2723,00:00:10.892,-0.07719261944293979
2724,00:00:10.896,0.02268842002376916
2725,00:00:10.9,0.02151688328012821
2726,00:00:10.904,-0.01461806893348689
2727,00:00:10.908,0.0060869762673974
2728,00:00:10.912,0.026254788856022025
2729,00:00:10.916,0.009616133524104956
2730,00:00:10.92,-0.01989466522354635
2731,00:00:10.924,-0.028342831181362244
2732,00:00:10.928,-0.004894126468570903
2733,00:00:10.932,-0.007868803106248382
2734,00:00:10.936,0.021081633050926016
2735,00:00:10.94,0.00776028493419288
2736,00:00:10.944,0.0026925741694867906
2737,00:00:10.948,0.01705707772634921
2738,00:00:10.952,0.00421548169106244
2739,00:00:10.956,-0.0216956122312695
2740,00:00:10.96,-0.02260738029144707
2741,00:00:10.964,0.0009294381598010677
2742,00:00:10.968,0.030162754352204526
2743,00:00:10.972,-0.010804674995597452
2744,00:00:10.976,-0.00548065081238748
2745,00:00:10.98,0.021772619511466477
2746,00:00:10.984,-0.015854595054406645
2747,00:00:10.988,-0.015244867186993336
2748,00:00:10.992,0.024033842259086658
2749,00:00:10.996,-0.004388680725242022
2750,00:00:11,-0.0568680549040437
2751,00:00:11.004,0.04525718837976454
2752,00:00:11.008,0.03931275801733141
2753,00:00:11.012,0.003074799489695578
2754,00:00:11.016,-0.03358671581372617
2755,00:00:11.02,0.010536015965044492
2756,00:00:11.024,-0.00236062891781327
2757,00:00:11.028,-0.0509250685572624
2758,00:00:11.032,-0.0416332064196467
2759,00:00:11.036,0.06547499634325513
2760,00:00:11.04,0.07785304298158727
2761,00:00:11.044,-0.00566878844983876
2762,00:00:11.048,-0.038090375717729295
2763,00:00:11.052,-0.04227503854781389
2764,00:00:11.056,-0.012446877779439092
2765,00:00:11.06,0.0295358123257757
2766,00:00:11.064,0.007620641961693779
2767,00:00:11.068,0.03176739602349698
2768,00:00:11.072,0.00936064682900908
2769,00:00:11.076,-0.06632196274586019
2770,00:00:11.08,-0.03167963074520233
2771,00:00:11.084,0.03133851708844301
2772,00:00:11.088,0.046581602655351106
2773,00:00:11.092,0.009189919568598201
2774,00:00:11.096,-0.007139938534237441
2775,00:00:11.1,-0.019988444633781872
2776,00:00:11.104,0.0002478085225448099
2777,00:00:11.108,-0.01929338672198359
2778,00:00:11.112,-0.015236637555062785
2779,00:00:11.116,0.0009222810640494654
2780,00:00:11.12,0.043884188868105405
2781,00:00:11.124,0.03106938442215328
2782,00:00:11.128,-0.012379122134007048
2783,00:00:11.132,-0.042137841228395756
2784,00:00:11.136,-0.026302007026970407
2785,00:00:11.14,-0.0004240835551172499
2786,00:00:11.144,0.034915748285129666
2787,00:00:11.148,0.026134615764021905
2788,00:00:11.152,-0.011793224373832362
2789,00:00:11.156,0.015281398431398013
2790,00:00:11.16,-0.01623300579376519
2791,00:00:11.164,-0.055383568629622404
2792,00:00:11.168,0.035824789083562784
2793,00:00:11.172,0.01536977197974921
2794,00:00:11.176,0.00110888795461506
2795,00:00:11.18,-0.030152509221807133
2796,00:00:11.184,0.02445732662454245
2797,00:00:11.188,-0.0013883130741305654
2798,00:00:11.192,0.01763101905817165
2799,00:00:11.196,0.0036573241814039613
2800,00:00:11.2,-0.027211965061724203
2801,00:00:11.204,-0.05057461699470879
2802,00:00:11.208,0.03424454992637038
2803,00:00:11.212,0.05226210854016243
2804,00:00:11.216,-0.0023848993005230997
2805,00:00:11.22,-0.013716532208491113
2806,00:00:11.224,-0.0350647235172801
2807,00:00:11.228,-0.0013411655090749507
2808,00:00:11.232,0.028582573810126594
2809,00:00:11.236,0.012555121444165691
2810,00:00:11.24,-0.023357164347544312
2811,00:00:11.244,-0.04220044892281301
2812,00:00:11.248,0.03528786078095435
2813,00:00:11.252,0.03666871762834484
2814,00:00:11.256,0.0030092860106378807
2815,00:00:11.26,-0.030279874568805112
2816,00:00:11.264,-0.008235003420850264
2817,00:00:11.268,-0.01339219463989139
2818,00:00:11.272,0.01969221467152241
2819,00:00:11.276,0.014803927391767469
2820,00:00:11.28,0.0033432744094170656
2821,00:00:11.284,-0.01570052723400294
2822,00:00:11.288,-0.0168736954219639
2823,00:00:11.292,0.02823201363207775
2824,00:00:11.296,-0.0026965572033077504
2825,00:00:11.3,-0.041670995182357756
2826,00:00:11.304,0.029026600066572407
2827,00:00:11.308,0.009984244028601116
2828,00:00:11.312,-0.005061455303803091
2829,00:00:11.316,0.013972604036098396
2830,00:00:11.32,-0.01411270210519433
2831,00:00:11.324,-0.00387189059983939
2832,00:00:11.328,0.017205954529344987
2833,00:00:11.332,-0.024476761929690862
2834,00:00:11.336,0.014562748372554777
2835,00:00:11.34,-0.019056865479797163
2836,00:00:11.344,0.006135356845334188
2837,00:00:11.348,0.03529875446110961
2838,00:00:11.352,-0.03677812824025756
2839,00:00:11.356,-0.010567889432422818
2840,00:00:11.36,0.016855413094162938
2841,00:00:11.364,0.01848970795981586
2842,00:00:11.368,0.0075559560791589285
2843,00:00:11.372,-0.01645124112110355
2844,00:00:11.376,-0.008382396539673211
2845,00:00:11.38,-0.010378594510257242
2846,00:00:11.384,-0.00308172684162854
2847,00:00:11.388,0.01671326253563166
2848,00:00:11.392,-0.01900008344091475
2849,00:00:11.396,0.01228466746397314
2850,00:00:11.4,0.03004948701709515
2851,00:00:11.404,0.0031782344740350355
2852,00:00:11.408,-0.011811117175966529
2853,00:00:11.412,-0.03098677471280099
2854,00:00:11.416,-0.005825726781040461
2855,00:00:11.42,0.010568246012553571
2856,00:00:11.424,0.00553612678777427
2857,00:00:11.428,0.012155608623288572
2858,00:00:11.432,0.007133043254725631
2859,00:00:11.436,-0.0027609018579823922
2860,00:00:11.44,-0.0120867020450532
2861,00:00:11.444,-0.009465492039453233
2862,00:00:11.448,0.01015142537653443
2863,00:00:11.452,0.004224615113344047
2864,00:00:11.456,0.01943059591576457
2865,00:00:11.46,-0.05012431461364031
2866,00:00:11.464,0.015039304853416981
2867,00:00:11.468,-0.01168449362739921
2868,00:00:11.472,0.020756355632329384
2869,00:00:11.476,0.02013191068544988
2870,00:00:11.48,0.010568566212896223
2871,00:00:11.484,0.02725851803552359
2872,00:00:11.488,-0.07515682093799109
2873,00:00:11.492,-0.047004987485706876
2874,00:00:11.496,0.02471042005345224
2875,00:00:11.5,0.04780955240130426
2876,00:00:11.504,0.0670552719384432
2877,00:00:11.508,-0.0040548348333686495
2878,00:00:11.512,-0.1453960649669171
2879,00:00:11.516,0.0132074039429426
2880,00:00:11.52,0.0731860613450408
2881,00:00:11.524,0.026889455504715443
2882,00:00:11.528,-0.00664158258587122
2883,00:00:11.532,-0.030438234098255686
2884,00:00:11.536,-0.015881382394582068
2885,00:00:11.54,0.01686767954379328
2886,00:00:11.544,0.01595088967587799
2887,00:00:11.548,-0.03172039100900292
2888,00:00:11.552,0.0018906266195699711
2889,00:00:11.556,-9.791878983378085e-05
2890,00:00:11.56,0.01714050699956711
2891,00:00:11.564,-0.00887158024124802
2892,00:00:11.568,0.0163577429484576
2893,00:00:11.572,0.009300704346969722
2894,00:00:11.576,-0.016122936038300388
2895,00:00:11.58,0.0011751615675166301
2896,00:00:11.584,-0.004290165568818346
2897,00:00:11.588,-0.00403450476005681
2898,00:00:11.592,-0.05129040218889709
2899,00:00:11.596,0.01302404329180713
2900,00:00:11.6,0.08534001465886829
2901,00:00:11.604,0.005357390735298391
2902,00:00:11.608,-0.02131892647594217
2903,00:00:11.612,-0.02169079519808292
2904,00:00:11.616,-0.0495762638747692
2905,00:00:11.62,0.02687655994668605
2906,00:00:11.624,0.02425765470252371
2907,00:00:11.628,-0.05027626501396301
2908,00:00:11.632,0.02312330086715522
2909,00:00:11.636,0.03500956203788522
2910,00:00:11.64,0.03641154081560673
2911,00:00:11.644,-0.01915216492488978
2912,00:00:11.648,-0.03627830417826768
2913,00:00:11.652,-0.0213856939226389
2914,00:00:11.656,-0.0029969415336381713
2915,00:00:11.66,0.023991557769477388
2916,00:00:11.664,0.03232914255931983
2917,00:00:11.668,-0.0563729386776686
2918,00:00:11.672,-0.012621989197214146
2919,00:00:11.676,0.058592850342392866
2920,00:00:11.68,0.0409324547072174
2921,00:00:11.684,-0.03274970164056861
2922,00:00:11.688,-0.06175319664180286
2923,00:00:11.692,0.026635378773789842
2924,00:00:11.696,-0.02462959859985853
2925,00:00:11.7,0.012170019093900962
2926,00:00:11.704,0.02661144500598317
2927,00:00:11.708,0.04668167751515283
2928,00:00:11.712,-0.040261954534798874
2929,00:00:11.716,-0.014305031632829899
2930,00:00:11.72,-0.00723404134623706
2931,00:00:11.724,-0.01574211427941918
2932,00:00:11.728,0.029156658914871528
2933,00:00:11.732,-0.00846864946652209
2934,00:00:11.736,-0.03051763633266092
2935,00:00:11.74,0.04232071153819567
2936,00:00:11.744,0.02241457020863891
2937,00:00:11.748,0.0012512032990343882
2938,00:00:11.752,-0.009890992194414139
2939,00:00:11.756,-0.020978772081434737
2940,00:00:11.76,-0.026728300843387835
2941,00:00:11.764,-0.009485124028287871
2942,00:00:11.768,0.01883790618740018
2943,00:00:11.772,0.05036092735826972
2944,00:00:11.776,-0.022621014155447473
2945,00:00:11.78,-0.058753093704581205
2946,00:00:11.784,0.04334431560710075
2947,00:00:11.788,0.046043165959417834
2948,00:00:11.792,-0.0305841569788754
2949,00:00:11.796,-0.002010104013606908
2950,00:00:11.8,-0.004652374715078626
2951,00:00:11.804,0.005694613093510268
2952,00:00:11.808,-0.008448648208286611
2953,00:00:11.812,-0.06645820103585726
2954,00:00:11.816,0.038103991188109004
2955,00:00:11.82,0.04363720856781583
2956,00:00:11.824,0.0243658771505579
2957,00:00:11.828,-0.00019721477292477998
2958,00:00:11.832,-0.04729146021418274
2959,00:00:11.836,-0.010537407244555628
2960,00:00:11.84,0.014410201925784362
2961,00:00:11.844,-0.010884912393521509
2962,00:00:11.848,0.007267219247296455
2963,00:00:11.852,-0.02298001595772798
2964,00:00:11.856,0.026690511964261504
2965,00:00:11.86,0.0252368357032537
2966,00:00:11.864,0.01888762763701384
2967,00:00:11.868,-0.006715350784361392
2968,00:00:11.872,-0.0966601530089975
2969,00:00:11.876,0.010569710284471602
2970,00:00:11.88,0.07154150353744626
2971,00:00:11.884,0.01496758579742166
2972,00:00:11.888,-0.028211652301251885
2973,00:00:11.892,0.019048135261982672
2974,00:00:11.896,-0.020899368915706852
2975,00:00:11.9,-0.029285321710631262
2976,00:00:11.904,0.007502107881009589
2977,00:00:11.908,-0.0014507060404866999
2978,00:00:11.912,-0.01826884131878615
2979,00:00:11.916,0.04555286886170512
2980,00:00:11.92,0.03350027272244912
2981,00:00:11.924,-0.03145585936727002
2982,00:00:11.928,0.00947535340674222
2983,00:00:11.932,-0.018685937859117978
2984,00:00:11.936,-0.016250679967924966
2985,00:00:11.94,0.00645636953413487
2986,00:00:11.944,-0.018380043562501627
2987,00:00:11.948,0.01700841658748686
2988,00:00:11.952,0.02606496307998896
2989,00:00:11.956,-0.01392378087621185
2990,00:00:11.96,-0.013056178286206007
2991,00:00:11.964,0.01913078257348392
2992,00:00:11.968,0.02192216739058495
2993,00:00:11.972,-0.01531796786002817
2994,00:00:11.976,-0.06544414814561596
2995,00:00:11.98,0.018806908163242035
2996,00:00:11.984,0.04454852733761078
2997,00:00:11.988,0.024031881242990504
2998,00:00:11.992,-0.036474185995757503
2999,00:00:11.996,0.004739246796816579
3000,00:00:12,0.0005642704199999501
3001,00:00:12.004,-0.02889732853509485
3002,00:00:12.008,-0.008129907073453062
3003,00:00:12.012,0.019780626287683813
3004,00:00:12.016,0.045262036612257334
3005,00:00:12.02,-0.0064707087003625895
3006,00:00:12.024,-0.02609955822117628
3007,00:00:12.028,-0.01703756232745942
3008,00:00:12.032,-0.012383402790874241
3009,00:00:12.036,0.015505085815675558
3010,00:00:12.04,0.03429515403695407
3011,00:00:12.044,0.023868328076787276
3012,00:00:12.048,-0.06070772884413593
3013,00:00:12.052,-0.03350523812696342
3014,00:00:12.056,0.03865617397241294
3015,00:00:12.06,0.04043071251362559
3016,00:00:12.064,0.0037787730980198774
3017,00:00:12.068,-0.05697551649063826
3018,00:00:12.072,-0.00994096230715508
3019,00:00:12.076,0.032387676648795605
3020,00:00:12.08,0.018816564697772237
3021,00:00:12.084,-0.01723147812299426
3022,00:00:12.088,0.014819334901403601
3023,00:00:12.092,-0.00632909429259598
3024,00:00:12.096,-0.0582946874201298
3025,00:00:12.1,0.04933940619230274
3026,00:00:12.104,0.033391182310879224
3027,00:00:12.108,-0.05687406333163387
3028,00:00:12.112,-0.015474862419068819
3029,00:00:12.116,0.06154406210407615
3030,00:00:12.12,0.00603297539055349
3031,00:00:12.124,-0.012201898673083633
3032,00:00:12.128,-0.01912595541216434
3033,00:00:12.132,-0.011784832924604399
3034,00:00:12.136,0.0007442349451594081
3035,00:00:12.14,0.005719909143351739
3036,00:00:12.144,0.01402240432798864
3037,00:00:12.148,-0.010813967703143128
3038,00:00:12.152,-0.002084459527395671
3039,00:00:12.156,0.009259465616196387
3040,00:00:12.16,-0.018638291163370034
3041,00:00:12.164,0.019288571435026818
3042,00:00:12.168,-0.0037491659168153997
3043,00:00:12.172,-0.0029617687687277785
3044,00:00:12.176,0.043294104514643564
3045,00:00:12.18,-0.029654518104507553
3046,00:00:12.184,-0.06757827010005721
3047,00:00:12.188,0.07500212849117815
3048,00:00:12.192,0.01048010215163233
3049,00:00:12.196,-0.043170460587134626
3050,00:00:12.2,-0.038073060102760695
3051,00:00:12.204,0.0434371733572334
3052,00:00:12.208,0.04713672818616036
3053,00:00:12.212,-0.0013251589844003285
3054,00:00:12.216,-0.04430239251814783
3055,00:00:12.22,0.0009755239007063288
3056,00:00:12.224,-0.027439082507044132
3057,00:00:12.228,0.0009178456384688408
3058,00:00:12.232,0.05486252065747971
3059,00:00:12.236,0.01851522969081995
3060,00:00:12.24,-0.01519577100407337
3061,00:00:12.244,-0.02864959556609395
3062,00:00:12.248,-0.023435615934431598
3063,00:00:12.252,0.01534250075928867
3064,00:00:12.256,0.00020500406390056014
3065,00:00:12.26,-0.007113775704055948
3066,00:00:12.264,0.01674744812771676
3067,00:00:12.268,0.024789735674857996
3068,00:00:12.272,-0.00434115808457132
3069,00:00:12.276,-0.02805449091829358
3070,00:00:12.28,-0.0032191078644245802
3071,00:00:12.284,0.055021570064127404
3072,00:00:12.288,0.001769631926435977
3073,00:00:12.292,-0.14635628648102278
3074,00:00:12.296,0.01442315033636986
3075,00:00:12.3,0.1271782023832202
3076,00:00:12.304,0.042394932359456995
3077,00:00:12.308,-0.02757733920589088
3078,00:00:12.312,-0.0639467434957623
3079,00:00:12.316,-0.016029121004976377
3080,00:00:12.32,0.0038117365329526634
3081,00:00:12.324,0.001305959915043794
3082,00:00:12.328,0.0019123456440865993
3083,00:00:12.332,0.00452934228815138
3084,00:00:12.336,0.041563916252926
3085,00:00:12.34,0.009620829485356811
3086,00:00:12.344,-0.02033997164107859
3087,00:00:12.348,-0.04614097782177849
3088,00:00:12.352,-0.032164947129786056
3089,00:00:12.356,0.05795965297147638
3090,00:00:12.36,0.036600484978407594
3091,00:00:12.364,0.0072535585786681666
3092,00:00:12.368,0.03854896314442157
3093,00:00:12.372,-0.1251200418919325
3094,00:00:12.376,-0.0690416004508734
3095,00:00:12.38,0.08501447364687911
3096,00:00:12.384,0.07378117181360719
3097,00:00:12.388,0.0026766818482428806
3098,00:00:12.392,0.00747736799530681
3099,00:00:12.396,-0.042716131545603296
3100,00:00:12.4,-0.03416435932740573
3101,00:00:12.404,-0.02732561808079478
3102,00:00:12.408,0.03481573483441021
3103,00:00:12.412,0.02580955903977154
3104,00:00:12.416,-0.013606361579149967
3105,00:00:12.42,-0.0030518011481035475
3106,00:00:12.424,0.02403968293219805
3107,00:00:12.428,-0.017303092405199977
3108,00:00:12.432,0.0006397475954144794
3109,00:00:12.436,0.012950702104717448
3110,00:00:12.44,-0.0121121206320822
3111,00:00:12.444,0.008086500456556671
3112,00:00:12.448,-0.036185794393531916
3113,00:00:12.452,-0.01094023347832259
3114,00:00:12.456,0.027249339269474142
3115,00:00:12.46,0.06527094799093902
3116,00:00:12.464,-0.038601324893534204
3117,00:00:12.468,0.0019928065594286577
3118,00:00:12.472,-0.02472056372789666
3119,00:00:12.476,-0.04536301176995044
3120,00:00:12.48,0.03605477639939636
3121,00:00:12.484,0.015327581437304658
3122,00:00:12.488,0.02408747223671527
3123,00:00:12.492,-0.00282716727815568
3124,00:00:12.496,-0.020076344255357998
3125,00:00:12.5,-0.00870969099923969
3126,00:00:12.504,0.005448372336104549
3127,00:00:12.508,-0.0026649091014405747
3128,00:00:12.512,0.00524469546508044
3129,00:00:12.516,-0.00592381763271988
3130,00:00:12.52,0.00031285872682928996
3131,00:00:12.524,0.0014753781724721098
3132,00:00:12.528,0.009574961964972348
3133,00:00:12.532,0.007541919709183269
3134,00:00:12.536,-0.003148780204355669
3135,00:00:12.54,-0.03795235324651008
3136,00:00:12.544,-0.007104150281520566
3137,00:00:12.548,0.053966922219842686
3138,00:00:12.552,0.011317889846395706
3139,00:00:12.556,-0.026954258326441032
3140,00:00:12.56,-0.010063155554234982
3141,00:00:12.564,0.02040091890376063
3142,00:00:12.568,0.00037883827462793004
3143,00:00:12.572,-0.039046793244779124
3144,00:00:12.576,0.0009558037854730684
3145,00:00:12.58,-0.0011685986537486393
3146,00:00:12.584,0.037896503228694194
3147,00:00:12.588,0.01924392627552153
3148,00:00:12.592,-0.01066049421206117
3149,00:00:12.596,-0.012944011155923326
3150,00:00:12.6,-0.02379826176911597
3151,00:00:12.604,-0.002570917393313721
3152,00:00:12.608,0.007007333217188719
3153,00:00:12.612,-0.0289640710689128
3154,00:00:12.616,0.03267531655728814
3155,00:00:12.62,0.07005287241190676
3156,00:00:12.624,-0.03575623780488969
3157,00:00:12.628,-0.04211065778508781
3158,00:00:12.632,-0.042546771466732
3159,00:00:12.636,0.0445388114312664
3160,00:00:12.64,0.08738418345456016
3161,00:00:12.644,-0.07815914065577098
3162,00:00:12.648,-0.021119703538715853
3163,00:00:12.652,0.030348962056450567
3164,00:00:12.656,-0.00688528164755553
3165,00:00:12.66,-0.005656394641846421
3166,00:00:12.664,0.015167304576607425
3167,00:00:12.668,0.0009661063668318088
3168,00:00:12.672,-0.01909618964418768
3169,00:00:12.676,-0.005449977703392509
3170,00:00:12.68,0.0123871632385999
3171,00:00:12.684,0.016191093891393397
3172,00:00:12.688,-0.005928885424509643
3173,00:00:12.692,0.0016571239102631799
3174,00:00:12.696,-0.0223913489608094
3175,00:00:12.7,0.004508170997723941
3176,00:00:12.704,0.021415205417724837
3177,00:00:12.708,-0.029917326755821698
3178,00:00:12.712,0.00746437872294336
3179,00:00:12.716,0.022204599459655517
3180,00:00:12.72,-0.009022939950227711
3181,00:00:12.724,-0.00808309705462306
3182,00:00:12.728,0.00192133977543563
3183,00:00:12.732,0.01506651029922068
3184,00:00:12.736,-0.0172527455724776
3185,00:00:12.74,0.0287365408148617
3186,00:00:12.744,0.010840967996045945
3187,00:00:12.748,-0.04620317742228511
3188,00:00:12.752,-0.03380656661465763
3189,00:00:12.756,0.0122423898428678
3190,00:00:12.76,0.02277780277654524
3191,00:00:12.764,0.04318235302343959
3192,00:00:12.768,-0.02042212267406277
3193,00:00:12.772,-0.0055176024325191975
3194,00:00:12.776,0.0031288728350772985
3195,00:00:12.78,-0.017548641655594152
3196,00:00:12.784,0.002329901792109011
3197,00:00:12.788,0.002904076129198031
3198,00:00:12.792,0.0020452017197385296
3199,00:00:12.796,0.00920186180155724
3200,00:00:12.8,0.002517227316275234
3201,00:00:12.804,0.010184054728597371
3202,00:00:12.808,-0.0681789556983859
3203,00:00:12.812,-0.0227307127788663
3204,00:00:12.816,0.07419181568548078
3205,00:00:12.82,0.049893721472471994
3206,00:00:12.824,0.0024162190966308013
3207,00:00:12.828,-0.015521433204412453
3208,00:00:12.832,-0.048490567598491935
3209,00:00:12.836,-0.07957174489274617
3210,00:00:12.84,0.02802001126110554
3211,00:00:12.844,0.07464297191472728
3212,00:00:12.848,0.02258300851099189
3213,00:00:12.852,-0.02560291788540776
3214,00:00:12.856,-0.006111517082899859
3215,00:00:12.86,-0.007341621210798609
3216,00:00:12.864,0.0022719902917742807
3217,00:00:12.868,0.014689360745251168
3218,00:00:12.872,-0.016398554551415128
3219,00:00:12.876,-0.014309548540040821
3220,00:00:12.88,-0.029430219437926928
3221,00:00:12.884,0.03848797827959069
3222,00:00:12.888,0.034747213590890225
3223,00:00:12.892,0.008207239210605618
3224,00:00:12.896,-0.03602890903130171
3225,00:00:12.9,-0.043964346870780005
3226,00:00:12.904,0.011359793134033711
3227,00:00:12.908,0.07704684231430291
3228,00:00:12.912,-0.027680793791660142
3229,00:00:12.916,-0.0676836855709553
3230,00:00:12.92,0.01056765695102514
3231,00:00:12.924,0.06260694004595282
3232,00:00:12.928,0.009648269042372643
3233,00:00:12.932,0.01297040621284392
3234,00:00:12.936,-0.0038045234978198693
3235,00:00:12.94,-0.07596819417085504
3236,00:00:12.944,-0.023484005127102168
3237,00:00:12.948,0.008248219266533848
3238,00:00:12.952,0.053103038109838935
3239,00:00:12.956,0.05615235492587088
3240,00:00:12.96,-0.0728735346347094
3241,00:00:12.964,-0.021258817054331296
3242,00:00:12.968,0.03627986554056396
3243,00:00:12.972,0.009616512339562192
3244,00:00:12.976,0.01641748473048214
3245,00:00:12.98,-0.017245045630261302
3246,00:00:12.984,-0.012996450066566509
3247,00:00:12.988,-0.0227206158451736
3248,00:00:12.992,0.01155951805412769
3249,00:00:12.996,0.030641725286841368
3250,00:00:13,-0.053469577804207816
3251,00:00:13.004,0.02666704379953446
3252,00:00:13.008,0.0136464601382613
3253,00:00:13.012,0.04298303299583497
3254,00:00:13.016,-0.03372814599424605
3255,00:00:13.02,-0.04145066626369958
3256,00:00:13.024,0.0069715706631542015
3257,00:00:13.028,0.019133669789880542
3258,00:00:13.032,0.006664980028290298
3259,00:00:13.036,-0.002371399954427039
3260,00:00:13.04,-0.007231660652905709
3261,00:00:13.044,0.03584110690280799
3262,00:00:13.048,-0.003179972525686088
3263,00:00:13.052,-0.08202311582863325
3264,00:00:13.056,-0.006540551781654358
3265,00:00:13.06,0.04743245895951994
3266,00:00:13.064,0.0641292994841934
3267,00:00:13.068,-0.01051263825502248
3268,00:00:13.072,-0.03524718387052417
3269,00:00:13.076,-0.02551297936588531
3270,00:00:13.08,-0.0060887800646014555
3271,00:00:13.084,0.0477625409839675
3272,00:00:13.088,0.00447123683989048
3273,00:00:13.092,-0.0698351489845664
3274,00:00:13.096,0.01558642671443522
3275,00:00:13.1,0.041513934265822144
3276,00:00:13.104,0.01147838548058639
3277,00:00:13.108,-0.019101440615486305
3278,00:00:13.112,-0.007004709070315585
3279,00:00:13.116,0.0015133348060771832
3280,00:00:13.12,-0.0004561340610962411
3281,00:00:13.124,-0.01083861489314586
3282,00:00:13.128,-0.0068005059147253685
3283,00:00:13.132,0.03038547001779078
3284,00:00:13.136,-0.010457839467562732
3285,00:00:13.14,-0.031460348691325635
3286,00:00:13.144,0.037610026076436084
3287,00:00:13.148,0.01485903980210419
3288,00:00:13.152,-0.01640400895848876
3289,00:00:13.156,-0.025322966277599303
3290,00:00:13.16,0.02653062297031278
3291,00:00:13.164,0.0010858958703465816
3292,00:00:13.168,-0.033156295772641876
3293,00:00:13.172,0.012297831475734709
3294,00:00:13.176,0.03379496838897467
3295,00:00:13.18,-0.004419691395014521
3296,00:00:13.184,-0.02409552456811067
3297,00:00:13.188,-0.014318100176751569
3298,00:00:13.192,0.002989820670336492
3299,00:00:13.196,0.01837545051239436
3300,00:00:13.2,0.02617921587079769
3301,00:00:13.204,-0.011281754821538929
3302,00:00:13.208,-0.02828109217807653
3303,00:00:13.212,-0.010785179561935362
3304,00:00:13.216,0.0260239327326417
3305,00:00:13.22,0.01724035339429977
3306,00:00:13.224,-0.013178575842175633
3307,00:00:13.228,-0.00998045969754459
3308,00:00:13.232,-0.02970049902796739
3309,00:00:13.236,-0.015598335303366191
3310,00:00:13.24,0.10593520291149618
3311,00:00:13.244,-0.014913393650203959
3312,00:00:13.248,-0.0658140713348984
3313,00:00:13.252,-0.0016461932100355296
3314,00:00:13.256,0.01542104547843337
3315,00:00:13.26,0.026604169514030253
3316,00:00:13.264,0.008562623988837
3317,00:00:13.268,-0.012949389638379178
3318,00:00:13.272,-0.04634405206888913
3319,00:00:13.276,0.017222539754584425
3320,00:00:13.28,0.030495087616145625
3321,00:00:13.284,-0.02041674172505737
3322,00:00:13.288,-0.007832227274775509
3323,00:00:13.292,0.01824311028758534
3324,00:00:13.296,0.01727343187667433
3325,00:00:13.3,-0.014111527707427775
3326,00:00:13.304,-0.018429310526698835
3327,00:00:13.308,-0.013101618969813
3328,00:00:13.312,0.03115358925424521
3329,00:00:13.316,0.03801957797259094
3330,00:00:13.32,-0.04544540611095725
3331,00:00:13.324,-0.03529980208259074
3332,00:00:13.328,0.0038259999128058587
3333,00:00:13.332,0.04059020057320598
3334,00:00:13.336,-0.009886780986562349
3335,00:00:13.34,0.03510245052166285
3336,00:00:13.344,0.02588273008586835
3337,00:00:13.348,-0.10774510353803626
3338,00:00:13.352,-0.00712015526369214
3339,00:00:13.356,0.05418327543884513
3340,00:00:13.36,0.02808709267992522
3341,00:00:13.364,-0.010810085339471712
3342,00:00:13.368,-0.009783181827515362
3343,00:00:13.372,-0.014349305303767292
3344,00:00:13.376,-0.0006977131124585927
3345,00:00:13.38,0.012540539784822613
3346,00:00:13.384,0.035715825855731895
3347,00:00:13.388,-0.081443184055388
3348,00:00:13.392,-0.010975057666655644
3349,00:00:13.396,0.05417634919285774
3350,00:00:13.4,0.0523818815127015
3351,00:00:13.404,-0.02355775609612462
3352,00:00:13.408,-0.0552296852692962
3353,00:00:13.412,-0.00267969106789678
3354,00:00:13.416,0.0065527865663171005
3355,00:00:13.42,0.03844391679740509
3356,00:00:13.424,0.011657867580652266
3357,00:00:13.428,0.037434127181768376
3358,00:00:13.432,-0.0629546125419438
3359,00:00:13.436,-0.12949312478303907
3360,00:00:13.44,0.06942244386300445
3361,00:00:13.444,0.08780092280358082
3362,00:00:13.448,0.041990204714238706
3363,00:00:13.452,-0.02716089278692378
3364,00:00:13.456,-0.0443549170158803
3365,00:00:13.46,-0.017462939489632852
3366,00:00:13.464,-0.01822385378181936
3367,00:00:13.468,0.0010688826441765196
3368,00:00:13.472,0.03208247292786834
3369,00:00:13.476,0.0165011258795857
3370,00:00:13.48,-0.0386583944782615
3371,00:00:13.484,0.03370212181471287
3372,00:00:13.488,0.0306027829647064
3373,00:00:13.492,-0.027654701843857717
3374,00:00:13.496,-0.01927766622975469
3375,00:00:13.5,-0.006411357549950477
3376,00:00:13.504,0.0008559557609259597
3377,00:00:13.508,-0.0020319050646548887
3378,00:00:13.512,-0.010292418359313158
3379,00:00:13.516,0.029840542003512365
3380,00:00:13.52,0.0244088128674775
3381,00:00:13.524,-0.012746632099151611
3382,00:00:13.528,-0.02560439473018051
3383,00:00:13.532,-0.00342344073578716
3384,00:00:13.536,-0.010406435467302803
3385,00:00:13.54,0.028906735591590366
3386,00:00:13.544,0.00019216781947762641
3387,00:00:13.548,-0.037704412869061316
3388,00:00:13.552,0.02320451277773828
3389,00:00:13.556,0.05104596074670551
3390,00:00:13.56,-0.03205137513577934
3391,00:00:13.564,-0.01822906034067277
3392,00:00:13.568,0.035742689855396706
3393,00:00:13.572,-0.0371029963716864
3394,00:00:13.576,-0.06261603394523263
3395,00:00:13.58,0.03686528559774167
3396,00:00:13.584,0.05123771633952852
3397,00:00:13.588,0.040692524285987
3398,00:00:13.592,-0.0382735133171081
3399,00:00:13.596,-0.047533672768622644
3400,00:00:13.6,0.0023678732104599493
3401,00:00:13.604,0.03633423289284113
3402,00:00:13.608,0.006776681402698163
3403,00:00:13.612,-0.003410966368392105
3404,00:00:13.616,-0.05569982808083296
3405,00:00:13.62,0.025554768275469573
3406,00:00:13.624,0.01644647726789116
3407,00:00:13.628,0.01614215457811948
3408,00:00:13.632,0.011422271374613002
3409,00:00:13.636,-0.02589067490771409
3410,00:00:13.64,-0.020015743619296717
3411,00:00:13.644,-0.0031096809543669293
3412,00:00:13.648,-0.0120249381288886
3413,00:00:13.652,0.02696556597948078
3414,00:00:13.656,0.0485251229256391
3415,00:00:13.66,0.028279838523303645
3416,00:00:13.664,-0.06688405200839037
3417,00:00:13.668,-0.0882482472807169
3418,00:00:13.672,0.024581230245530706
3419,00:00:13.676,0.0841774744912982
3420,00:00:13.68,0.0067161155166104505
3421,00:00:13.684,-0.02531870722305022
3422,00:00:13.688,0.01500083680730313
3423,00:00:13.692,-0.02810775954276326
3424,00:00:13.696,-0.0021098763681948705
3425,00:00:13.7,0.01892647240310908
3426,00:00:13.704,-0.024904506979510157
3427,00:00:13.708,-0.01117007771972565
3428,00:00:13.712,0.02354423492215578
3429,00:00:13.716,0.015685550170019262
3430,00:00:13.72,0.010291433660313452
3431,00:00:13.724,-0.0024461250868625917
3432,00:00:13.728,-0.02517146570608022
3433,00:00:13.732,-0.043144703842699514
3434,00:00:13.736,0.02944200159981844
3435,00:00:13.74,0.0332163353450596
3436,00:00:13.744,0.008280131965875619
3437,00:00:13.748,-0.02587736863642933
3438,00:00:13.752,-0.0025530739221721792
3439,00:00:13.756,0.011323141865432271
3440,00:00:13.76,-0.00797180132940414
3441,00:00:13.764,-0.021243817463982902
3442,00:00:13.768,-0.000955490395426751
3443,00:00:13.772,0.03359240433201196
3444,00:00:13.776,0.019709782442077998
3445,00:00:13.78,-0.006992124253883961
3446,00:00:13.784,-0.005531947070267052
3447,00:00:13.788,-0.0414256481453777
3448,00:00:13.792,-0.014233007095754192
3449,00:00:13.796,0.022976858192123435
3450,00:00:13.8,0.0270647369325161
3451,00:00:13.804,0.00951508875004951
3452,00:00:13.808,-0.029186582047259414
3453,00:00:13.812,0.030099062016233778
3454,00:00:13.816,-0.02186175691895184
3455,00:00:13.82,-0.03504870459437375
3456,00:00:13.824,0.012471341382479288
3457,00:00:13.828,0.029589641373604553
3458,00:00:13.832,0.0234758956357837
3459,00:00:13.836,0.026645466219633852
3460,00:00:13.84,-0.08339092601090667
3461,00:00:13.844,-0.039358308538794504
3462,00:00:13.848,0.05543575948104255
3463,00:00:13.852,0.0321798315271735
3464,00:00:13.856,-0.00202804710716009
3465,00:00:13.86,-0.014864706667140121
3466,00:00:13.864,0.007771645206958078
3467,00:00:13.868,-0.010270223370753222
3468,00:00:13.872,-0.042563308961689486
3469,00:00:13.876,0.0227985205128789
3470,00:00:13.88,0.0184720060788095
3471,00:00:13.884,0.01164006593171507
3472,00:00:13.888,0.01118944003246723
3473,00:00:13.892,-0.003673242492368449
3474,00:00:13.896,-0.015230216085910771
3475,00:00:13.9,-0.035891902400180684
3476,00:00:13.904,-0.01452926429919898
3477,00:00:13.908,0.03113782592117784
3478,00:00:13.912,0.04163104481995106
3479,00:00:13.916,0.01920983591116961
3480,00:00:13.92,-0.0608681486919522
3481,00:00:13.924,0.02201885031536225
3482,00:00:13.928,-0.0200622668489814
3483,00:00:13.932,-0.040470379404723686
3484,00:00:13.936,0.05609853047644718
3485,00:00:13.94,0.02554813772439954
3486,00:00:13.944,-0.00528454559389501
3487,00:00:13.948,-0.01903502922505141
3488,00:00:13.952,-0.01665546678123066
3489,00:00:13.956,0.010048673604614998
3490,00:00:13.96,0.0059248577454127285
3491,00:00:13.964,-0.03142687398940319
3492,00:00:13.968,0.0011936762602999806
3493,00:00:13.972,0.06363932322710761
3494,00:00:13.976,-0.04043867904692884
3495,00:00:13.98,-0.03513703774660833
3496,00:00:13.984,0.0396869415417314
3497,00:00:13.988,0.037487782654352556
3498,00:00:13.992,-0.012245353180333039
3499,00:00:13.996,-0.0314631201326846
3500,00:00:14,-0.001183405634947125
3501,00:00:14.004,-0.01503948750905695
3502,00:00:14.008,0.004413297981955115
3503,00:00:14.012,-0.016089227050542818
3504,00:00:14.016,0.0365614341571928
3505,00:00:14.02,0.04353376326616855
3506,00:00:14.024,-0.0432284888229333
3507,00:00:14.028,-0.007228974718600508
3508,00:00:14.032,0.0172540844068863
3509,00:00:14.036,-0.024111336097121218
3510,00:00:14.04,-0.010555229615420096
3511,00:00:14.044,-0.006352541859087068
3512,00:00:14.048,0.03095741244032981
3513,00:00:14.052,-0.019229346275096766
3514,00:00:14.056,0.0453178184106946
3515,00:00:14.06,-0.0065310997888446114
3516,00:00:14.064,-0.024631972424685945
3517,00:00:14.068,-0.023270093835890262
3518,00:00:14.072,0.01775949541479349
3519,00:00:14.076,0.040066169574856765
3520,00:00:14.08,-0.04032982327044013
3521,00:00:14.084,-0.02112528681755067
3522,00:00:14.088,-0.0022566471016034415
3523,00:00:14.092,0.024439278058707742
3524,00:00:14.096,0.01808958686888218
3525,00:00:14.1,0.0200439479667693
3526,00:00:14.104,0.000175066990777861
3527,00:00:14.108,-0.03600111510604616
3528,00:00:14.112,-0.015098646748810994
3529,00:00:14.116,-0.00863967195618896
3530,00:00:14.12,0.01513172243721783
3531,00:00:14.124,0.004546777767245656
3532,00:00:14.128,0.014036420732736542
3533,00:00:14.132,-0.006084531079977749
3534,00:00:14.136,0.02967438241466875
3535,00:00:14.14,-0.0006560037145391124
3536,00:00:14.144,-0.07506140042096375
3537,00:00:14.148,-0.0019049609545618296
3538,00:00:14.152,0.061423339881002896
3539,00:00:14.156,0.006333953584544361
3540,00:00:14.16,0.012028424884192646
3541,00:00:14.164,-0.02797443000599744
3542,00:00:14.168,-0.02861851721536372
3543,00:00:14.172,0.01185724022798242
3544,00:00:14.176,0.0037065435899421503
3545,00:00:14.18,0.006485208054073161
3546,00:00:14.184,-0.007481445325538511
3547,00:00:14.188,0.017660839483141934
3548,00:00:14.192,0.00472308311145752
3549,00:00:14.196,-0.004651143040973686
3550,00:00:14.2,0.0007289849454537008
3551,00:00:14.204,-0.005176643870072443
3552,00:00:14.208,-0.022434965707361722
3553,00:00:14.212,-0.01240497268736355
3554,00:00:14.216,0.02006683021318163
3555,00:00:14.22,0.0263219475746155
3556,00:00:14.224,-0.0022476313170045597
3557,00:00:14.228,0.01199410366825759
3558,00:00:14.232,-0.02599105145782236
3559,00:00:14.236,-0.014130281284451478
3560,00:00:14.24,0.0036968285567127116
3561,00:00:14.244,0.007530123781180016
3562,00:00:14.248,0.0009823236614465705
3563,00:00:14.252,0.01780590554699303
3564,00:00:14.256,-0.032582931919023395
3565,00:00:14.26,0.012331776320934303
3566,00:00:14.264,0.003587951970985156
3567,00:00:14.268,0.014920007437467527
3568,00:00:14.272,0.017135450441855937
3569,00:00:14.276,-0.05139340797904878
3570,00:00:14.28,-0.009388601407408721
3571,00:00:14.284,0.030820807209238407
3572,00:00:14.288,0.02757741347886624
3573,00:00:14.292,-0.02576374635100369
3574,00:00:14.296,-0.01178932376205924
3575,00:00:14.3,-0.0006943265907466433
3576,00:00:14.304,0.006880054832436144
3577,00:00:14.308,-0.00499044102616608
3578,00:00:14.312,-0.001127023511799048
3579,00:00:14.316,0.033115193713456385
3580,00:00:14.32,-0.003402694594115069
3581,00:00:14.324,-0.01836712169460949
3582,00:00:14.328,-0.028130604187026603
3583,00:00:14.332,-0.003832185873761767
3584,00:00:14.336,0.02796183573082092
3585,00:00:14.34,0.03228835528716448
3586,00:00:14.344,0.000814938946859915
3587,00:00:14.348,-0.027112712152302237
3588,00:00:14.352,-0.041684159077703925
3589,00:00:14.356,0.01905790611635893
3590,00:00:14.36,0.02183773135766387
3591,00:00:14.364,0.02210218505933883
3592,00:00:14.368,-0.0264402478933334
3593,00:00:14.372,-0.03254746692255137
3594,00:00:14.376,0.04211238957941538
3595,00:00:14.38,0.0022146943956613497
3596,00:00:14.384,-0.014054786413908
3597,00:00:14.388,0.0043675489141605794
3598,00:00:14.392,0.008186267688870433
3599,00:00:14.396,0.005739080137573191
3600,00:00:14.4,-0.02711427921894938
3601,00:00:14.404,-0.00838627037592232
3602,00:00:14.408,0.01956657273694877
3603,00:00:14.412,0.00656961929053068
3604,00:00:14.416,0.00971667468547821
3605,00:00:14.42,-0.0089947422966361
3606,00:00:14.424,-0.01922656712122264
3607,00:00:14.428,0.0005266471998766108
3608,00:00:14.432,0.017793755047023296
3609,00:00:14.436,-0.024047696148045333
3610,00:00:14.44,0.010170913184992983
3611,00:00:14.444,0.004249869380146251
3612,00:00:14.448,0.03523875493556257
3613,00:00:14.452,-0.0158540299162268
3614,00:00:14.456,-0.01236040028743447
3615,00:00:14.46,-0.021001167828217107
3616,00:00:14.464,0.024974829168058953
3617,00:00:14.468,-0.01945885526947679
3618,00:00:14.472,-0.0072521371766924875
3619,00:00:14.476,0.03498743916861707
3620,00:00:14.48,-0.0019898521713912886
3621,00:00:14.484,-0.0010508573614060905
3622,00:00:14.488,-0.0199758699163795
3623,00:00:14.492,-0.018161989690270323
3624,00:00:14.496,0.02601327490992843
3625,00:00:14.5,-0.0076352246105671
3626,00:00:14.504,0.007900131866335881
3627,00:00:14.508,0.017702192300930623
3628,00:00:14.512,-0.01882551936432717
3629,00:00:14.516,0.010749123292043743
3630,00:00:14.52,0.005152456462383211
3631,00:00:14.524,-0.04498621821403509
3632,00:00:14.528,0.0026603383012115903
3633,00:00:14.532,0.04525327566079797
3634,00:00:14.536,0.004176374990493059
3635,00:00:14.54,-0.023195221700007075
3636,00:00:14.544,-0.00769262481480838
3637,00:00:14.548,0.009741414804011589
3638,00:00:14.552,0.0008931541815400124
3639,00:00:14.556,0.007908418425358832
3640,00:00:14.56,-0.03285645128926263
3641,00:00:14.564,0.01510914019308984
3642,00:00:14.568,0.0020484036067500697
3643,00:00:14.572,0.007740390719845891
3644,00:00:14.576,0.007473415229469488
3645,00:00:14.58,0.01312021678313613
3646,00:00:14.584,0.004367154790088529
3647,00:00:14.588,-0.045678995084017474
3648,00:00:14.592,-0.009299110155552641
3649,00:00:14.596,0.01695330883376301
3650,00:00:14.6,0.027992576360702497
3651,00:00:14.604,-0.0561008811928332
3652,00:00:14.608,0.03276078309863799
3653,00:00:14.612,0.044798324466682984
3654,00:00:14.616,-0.01823111902922393
3655,00:00:14.62,-0.02040773862972855
3656,00:00:14.624,0.0038307271315716203
3657,00:00:14.628,-0.01832168945111334
3658,00:00:14.632,0.0020450367592275186
3659,00:00:14.636,0.0166331515647471
3660,00:00:14.64,-0.003217331337509675
3661,00:00:14.644,-0.004151415952946997
3662,00:00:14.648,-0.002287632785737509
3663,00:00:14.652,0.01901021017692987
3664,00:00:14.656,-0.007413764484226661
3665,00:00:14.66,-0.02445718774106349
3666,00:00:14.664,0.0015657505500712493
3667,00:00:14.668,0.02956917369738217
3668,00:00:14.672,0.02499507726315644
3669,00:00:14.676,-0.036178685724735274
3670,00:00:14.68,-0.024561591024394147
3671,00:00:14.684,0.03406078787520527
3672,00:00:14.688,-0.05151758645661175
3673,00:00:14.692,0.016559896524995562
3674,00:00:14.696,0.04244670737534763
3675,00:00:14.7,0.00957748647488188
3676,00:00:14.704,-0.003530003858031704
3677,00:00:14.708,-0.0166727164760232
3678,00:00:14.712,-0.025746403029188507
3679,00:00:14.716,0.01338540017604828
3680,00:00:14.72,-0.004167580918874593
3681,00:00:14.724,0.0007550653535872802
3682,00:00:14.728,0.01893448235932737
3683,00:00:14.732,0.003310230269562456
3684,00:00:14.736,-0.05186237860471009
3685,00:00:14.74,0.02070375438779591
3686,00:00:14.744,0.025933491997420767
3687,00:00:14.748,0.021718001458793858
3688,00:00:14.752,-0.02591533074155455
3689,00:00:14.756,-0.013246223330497759
3690,00:00:14.76,0.015493065933696929
3691,00:00:14.764,-0.00644423323683445
3692,00:00:14.768,-0.0133988092420623
3693,00:00:14.772,0.00866841012611986
3694,00:00:14.776,0.02289702068082992
3695,00:00:14.78,0.0026195863028988203
3696,00:00:14.784,-0.02825858397409322
3697,00:00:14.788,-0.05839006113819787
3698,00:00:14.792,0.033188143977895386
3699,00:00:14.796,0.05758293438702822
3700,00:00:14.8,0.02939199737738814
3701,00:00:14.804,-0.01634398964233698
3702,00:00:14.808,-0.05107931653037667
3703,00:00:14.812,-0.017597975675016603
3704,00:00:14.816,0.006082739215344149
3705,00:00:14.82,0.02158769941888749
3706,00:00:14.824,0.00729181384667754
3707,00:00:14.828,-0.0011404692195355888
3708,00:00:14.832,0.00862713158130648
3709,00:00:14.836,-0.00019858276937157002
3710,00:00:14.84,-0.01607286464422941
3711,00:00:14.844,-0.011126978788524828
3712,00:00:14.848,-0.0048599808942526605
3713,00:00:14.852,0.029125147033482797
3714,00:00:14.856,0.00597508414648473
3715,00:00:14.86,0.00607833545655012
3716,00:00:14.864,-0.0477776457555592
3717,00:00:14.868,-0.0044335606507957094
3718,00:00:14.872,0.062125837430357905
3719,00:00:14.876,-0.00032127805752680606
3720,00:00:14.88,-0.049984791781753295
3721,00:00:14.884,-0.01108771306462587
3722,00:00:14.888,0.017325723776593818
3723,00:00:14.892,0.03137378417886795
3724,00:00:14.896,0.0053528342396020785
3725,00:00:14.9,-0.01934801181778312
3726,00:00:14.904,-0.008542484225472439
3727,00:00:14.908,-0.00256433954928071
3728,00:00:14.912,0.00501602049916974
3729,00:00:14.916,-0.020275166491046548
3730,00:00:14.92,0.00647029187530279
3731,00:00:14.924,0.04447973659262064
3732,00:00:14.928,-0.0016786109190433905
3733,00:00:14.932,-0.042339886538684424
3734,00:00:14.936,0.014662726782262398
3735,00:00:14.94,-0.013322379323653882
3736,00:00:14.944,-1.9721919670710568e-05
3737,00:00:14.948,0.02286260435357689
3738,00:00:14.952,-0.000775053893448785
3739,00:00:14.956,-0.002516946056857704
3740,00:00:14.96,-0.021125262603163723
3741,00:00:14.964,-0.004890165932010856
3742,00:00:14.968,0.031175478128716388
3743,00:00:14.972,0.02553181536495682
3744,00:00:14.976,-0.03522470104508105
3745,00:00:14.98,-0.02979217469692233
3746,00:00:14.984,0.03010101628024129
3747,00:00:14.988,-0.0015764475101604988
3748,00:00:14.992,-0.006764470366761061
3749,00:00:14.996,0.016522468999028178
3750,00:00:15,-0.012864231131970851
