Elapsed Time,EMG1,EMG2,EMG3,BioRadio Event,
00:00:00,2.27090334892273,0.886358082294464,-0.628961384296417,0,
00:00:00.004,-2.16515421867371,-0.843462646007538,0.588143765926361,0,
00:00:00.008,-1.78829276561737,-0.703228116035461,0.515718758106232,0,
00:00:00.012,-0.194346621632576,-0.07154431194067,0.0560273565351963,0,
00:00:00.016,0.925249516963959,0.359514594078064,-0.263007044792175,0,
00:00:00.02,1.11211335659027,0.43941006064415,-0.322088211774826,0,
00:00:00.024,0.684340476989746,0.264180064201355,-0.197357699275017,0,
00:00:00.028,0.0968416109681129,0.0350202545523643,-0.00968354474753141,0,
00:00:00.032,-0.319941401481628,-0.124584205448627,0.107591092586517,0,
00:00:00.036,-0.442640602588654,-0.175005793571472,0.113761626183987,0,
00:00:00.04,-0.346311450004578,-0.128106653690338,0.0927202478051186,0,
00:00:00.044,-0.121932417154312,-0.0546356998383999,0.00774002866819501,0,
00:00:00.048,0.0589467734098434,0.0242611095309258,-0.0032683527097106,0,
00:00:00.052,0.130563154816628,0.0523748993873596,-0.0256559271365404,0,
00:00:00.056,0.109075330197811,0.047099631279707,-0.0360809899866581,0,
00:00:00.06,0.0700478330254555,0.0261926464736462,-0.021928783506155,0,
00:00:00.064,0.00169967499095947,-0.00361216790042818,0.00189079612027854,0,
00:00:00.068,-0.0283183176070452,-0.0153056140989065,0.0152568370103836,0,
00:00:00.072,-0.0497533455491066,-0.0145586021244526,0.0153628010302782,0,
00:00:00.076,-0.0223640277981758,0.00039564204053022,0.00566051201894879,0,
00:00:00.08,-0.00354170217178762,-0.00878517609089613,-0.0112387835979462,0,
00:00:00.084,0.0174169298261404,-0.00111483805812895,0.00147388002369553,0,
00:00:00.088,-0.0227174293249846,0.00574453640729189,0.00744252791628242,0,
00:00:00.092,0.0128955412656069,0.000667060783598572,-0.00738728931173682,0,
00:00:00.096,0.038758497685194,0.0076769832521677,-0.0116760153323412,0,
00:00:00.1,0.0065124724060297,-0.00369511055760086,-0.00260625756345689,0,
00:00:00.104,-0.030432840809226,-0.00533667439594865,0.00733014568686485,0,
00:00:00.108,-0.00834091100841761,0.0038687048945576,0.00334906345233321,0,
00:00:00.112,0.00159312458708882,0.00554841430857778,0.00738837290555239,0,
00:00:00.116,0.00433497875928879,-0.00152481475379318,0.00881730299443007,0,
00:00:00.12,0.00342671037651598,-0.00130952650215477,-0.00842173770070076,0,
00:00:00.124,0.00553157599642873,-0.00226951786316931,-0.0281506776809692,0,
00:00:00.128,-0.00632879650220275,-0.00208491715602577,0.00528903165832162,0,
00:00:00.132,-0.00235947081819177,-0.00506616570055485,0.048703633248806,0,
00:00:00.136,0.00239693396724761,0.000162259282660671,0.0026808197144419,0,
00:00:00.14,-0.00680369883775711,0.00210335245355964,-0.0493798889219761,0,
00:00:00.144,0.0055452948436141,0.0106991222128272,-0.0084781888872385,0,
00:00:00.148,0.00739404372870922,0.00430571939796209,0.000764010881539434,0,
00:00:00.152,0.00136934139300138,-0.00718551594763994,0.0155542278662324,0,
00:00:00.156,-0.00765429576858878,-0.00209985766559839,0.00956496316939592,0,
00:00:00.16,-0.00484274793416262,-0.00363751756958663,-0.00734052574262023,0,
00:00:00.164,0.00635126745328307,-0.00146968069020659,0.0250838976353407,0,
00:00:00.168,-0.00292215496301651,0.00299222231842577,0.0122153861448169,0,
00:00:00.172,0.00236894143745303,-0.00411243829876184,-0.0240287128835917,0,
00:00:00.176,0.00131123419851065,0.00615192297846079,-0.024140028283,0,
00:00:00.18,-0.00479990802705288,0.00195276259910315,-0.00516517274081707,0,
00:00:00.184,-0.0058572138659656,-0.00263912975788116,0.00516776880249381,0,
00:00:00.188,0.0100112119689584,0.000504049356095493,0.0147536667063832,0,
00:00:00.192,0.00453276699408889,0.000383693812182173,0.00738607253879309,0,
00:00:00.196,0.00350176566280425,-0.00246449653059244,-0.00109253521077335,0,
00:00:00.2,-0.00917717069387436,-0.00293725356459618,-0.0070539228618145,0,
00:00:00.204,-0.0147165190428495,0.0112109435722232,0.00177828059531748,0,
00:00:00.208,0.0158853214234114,0.00356180686503649,0.0148069905117154,0,
00:00:00.212,0.00633522961288691,-0.0132500873878598,-0.00945675279945135,0,
00:00:00.216,-0.00582884484902024,-0.00793658755719662,-0.017337067052722,0,
00:00:00.22,0.00321396114304662,0.00738141126930714,-0.00882021244615316,0,
00:00:00.224,-0.000573707045987248,-0.00185668061021715,0.0231967680156231,0,
00:00:00.228,-0.0249442365020514,0.00512182386592031,0.0182286612689495,0,
00:00:00.232,0.00721355248242617,0.0041254935786128,0.00245237443596125,0,
00:00:00.236,0.0204062182456255,0.000744168239179999,-0.0382992476224899,0,
00:00:00.24,0.00492079462856054,-0.00182191596832126,-0.019865969195962,0,
00:00:00.244,0.00425827642902732,-0.00670065637677908,0.0252125691622496,0,
00:00:00.248,-0.0247634816914797,-0.00202787318266928,0.0226561054587364,0,
00:00:00.252,-0.00135904375929385,0.0211942158639431,0.0019265265436843,0,
00:00:00.256,0.0102207818999887,-0.0118241962045431,-0.0112865576520562,0,
00:00:00.26,-0.000648966932203621,-0.00583833223208785,-0.00603320170193911,0,
00:00:00.264,-0.00550164841115475,-0.0148469395935535,0.0048772799782455,0,
00:00:00.268,0.00848071742802858,0.00151044467929751,0.00371460034511983,0,
00:00:00.272,0.000741700641810894,0.0191246252506971,-0.0191387943923473,0,
00:00:00.276,0.000362397026037797,0.0110143655911088,0.0063082673586905,0,
00:00:00.28,0.000509052886627615,0.0008540996350348,0.000616870180238038,0,
00:00:00.284,-0.000161126852617599,-0.0120747135952115,0.0115450564771891,0,
00:00:00.288,-0.00730907171964645,-0.0119039947167039,-0.00116795429494232,0,
00:00:00.292,-0.00809718295931816,0.0012244131648913,0.0133600737899542,0,
00:00:00.296,-0.00124180992133915,-0.00173375790473074,-0.00304568349383771,0,
00:00:00.3,0.0149749862030149,0.0051513365469873,-0.0353550538420677,0,
00:00:00.304,0.0109824994578958,0.0100433994084597,-0.00430986750870943,0,
00:00:00.308,-0.00706539815291762,0.00126427900977433,0.0210090968757868,0,
00:00:00.312,-0.00828912667930126,-0.00127023353707045,0.00918016862124205,0,
00:00:00.316,-0.00149678543675691,-0.00605356460437179,0.00837886333465576,0,
00:00:00.32,0.00522635411471128,-0.00209077307954431,-0.0117997163906693,0,
00:00:00.324,-0.00454765278846025,-0.00259684328921139,-0.00820097420364618,0,
00:00:00.328,-0.000338820653269067,-0.00396211119368672,0.0144323837012053,0,
00:00:00.332,-0.0025622898247093,0.00828277319669724,-0.0051080659031868,0,
00:00:00.336,0.00981099810451269,0.00590095249935985,0.00168370932806283,0,
00:00:00.34,0.00439191982150078,0.000301567575661466,-0.0142105706036091,0,
00:00:00.344,-0.0151851521804929,-0.0115511743351817,-0.0028188566211611,0,
00:00:00.348,0.00618379656225443,0.00214324961416423,0.0244645103812218,0,
00:00:00.352,-0.0111911306157708,0.00436612730845809,-0.0100061986595392,0,
00:00:00.356,0.0155005129054189,0.00422145472839475,-0.0119190849363804,0,
00:00:00.36,0.00523060187697411,-0.000347792898537591,0.0176790431141853,0,
00:00:00.364,0.00165595824364573,-0.00742920441552997,-0.0130823105573654,0,
00:00:00.368,-0.00924595259130001,-0.00354616506956518,-0.00301791564561427,0,
00:00:00.372,-0.00540731055662036,0.00766682485118508,0.0104816546663642,0,
00:00:00.376,-0.0079707857221365,-0.000137386989081278,0.00823747180402279,0,
00:00:00.38,0.00693712802603841,0.000407789455493912,-0.00514579704031348,0,
00:00:00.384,0.00096771604148671,-0.00490053649991751,-0.00881049502640963,0,
00:00:00.388,0.00236295722424984,-0.00775480549782515,-0.00765638379380107,0,
00:00:00.392,0.0116112101823092,0.0142357954755425,0.0161905530840158,0,
00:00:00.396,-0.0097849415615201,0.0104942293837667,-0.00461717508733273,0,
00:00:00.4,-0.0168737657368183,-0.00806954223662615,-0.000516437867190689,0,
00:00:00.404,0.0358229279518127,-0.0112432381138206,-0.0183175075799227,0,
00:00:00.408,0.0205441918224096,0.00231986050494015,0.0365646742284298,0,
00:00:00.412,-0.0690222457051277,-0.0133728943765163,0.00712650967761874,0,
00:00:00.416,-0.0451825857162476,0.0145700667053461,-0.0213435739278793,0,
00:00:00.42,0.14764304459095,0.0121037689968944,-0.0195965096354485,0,
00:00:00.424,-0.0156426038593054,0.00379563006572425,-0.0104487966746092,0,
00:00:00.428,-0.0852908194065094,-0.0158869046717882,0.00327815627679229,0,
00:00:00.432,-0.0410337001085281,-0.000844816153403372,0.0321188680827618,0,
00:00:00.436,0.0704139694571495,0.00192063697613776,0.0188711360096931,0,
00:00:00.44,0.0181343089789152,-0.0012128280941397,-0.0124081084504724,0,
00:00:00.444,-0.0262337159365416,0.00163656799122691,-0.0250949785113335,0,
00:00:00.448,-0.00172910885885358,0.00097279658075422,0.000666765146888793,0,
00:00:00.452,0.0393129363656044,-0.00637497240677476,0.0042551071383059,0,
00:00:00.456,-0.0201565939933062,0.00527209788560867,0.00194137345533818,0,
00:00:00.46,-0.0306377094238997,-0.00182303669862449,0.00411749258637428,0,
00:00:00.464,0.0136568257585168,0.00427307328209281,-0.00850601680576801,0,
00:00:00.468,0.00533274840563536,0.00669624749571085,0.040300652384758,0,
00:00:00.472,-0.00233482848852873,-0.00665307650342584,-0.0316659547388554,0,
00:00:00.476,-0.00196016835980117,-0.00161989987827837,-0.0321192927658558,0,
00:00:00.48,0.00681083044037223,0.00323317805305123,0.0127271423116326,0,
00:00:00.484,-0.00780118210241199,-0.0130873061716557,0.0281584057956934,0,
00:00:00.488,0.0345989242196083,0.00213407236151397,0.00912568345665932,0,
00:00:00.492,-0.0088098831474781,0.00838493555784225,-0.0169052500277758,0,
00:00:00.496,-0.0327246822416782,0.000503596907947212,-0.0144735984504223,0,
00:00:00.5,0.000125268445117399,-0.000639660574961454,0.00284480210393667,0,
00:00:00.504,0.00756363943219185,0.00404189852997661,0.0201313067227602,0,
00:00:00.508,0.00534805189818144,-0.00370725709944963,-0.00838953629136086,0,
00:00:00.512,-0.00687157595530152,0.00100119144190103,-0.00653947796672583,0,
00:00:00.516,-0.00764516927301884,-0.00448065670207143,0.00705433031544089,0,
00:00:00.52,0.0126388687640429,0.00215115817263722,-0.0117817623540759,0,
00:00:00.524,0.00482840929180384,-0.00267586205154657,0.0149077828973532,0,
00:00:00.528,0.00021738802024629,-0.000626197899691761,-0.00780773628503084,0,
00:00:00.532,0.012827180325985,0.0121461730450392,-0.0266125742346048,0,
00:00:00.536,0.0155337164178491,-0.00748018547892571,0.0498868525028229,0,
00:00:00.54,-0.0337870456278324,-0.00876970589160919,0.00405322900041938,0,
00:00:00.544,-0.0338408425450325,0.00539918662980199,-0.0224174782633781,0,
00:00:00.548,0.0365866757929325,0.00107735441997647,-0.0149987554177642,0,
00:00:00.552,0.00292493938468397,0.00506794871762395,-0.0073633729480207,0,
00:00:00.556,-0.00039151610690169,-0.000754213775508106,-0.00138110725674778,0,
00:00:00.56,-0.0208489652723074,-0.00244388706050813,0.0164794847369194,0,
00:00:00.564,0.00737950205802917,-0.00394500698894262,0.0159076079726219,0,
00:00:00.568,0.0196114871650934,0.00346582592464983,-0.0041049737483263,0,
00:00:00.572,0.016546443104744,0.00424923840910196,0.0272635612636805,0,
00:00:00.576,-0.00408598314970732,-0.00874722842127085,-0.0446357168257236,0,
00:00:00.58,-0.0306989755481482,0.00239667552523315,-0.0161777008324862,0,
00:00:00.584,-0.0283877402544022,-0.00309688854031265,0.0356554947793484,0,
00:00:00.588,0.0220766663551331,0.00259626121260226,-0.00418320018798113,0,
00:00:00.592,0.0200535263866186,0.00574595015496016,-0.00836674869060516,0,
00:00:00.596,0.00715717393904924,0.00424949359148741,-0.00639040861278772,0,
00:00:00.6,0.0194960050284863,-0.00151472829747945,-0.00564856780692935,0,
00:00:00.604,-0.0227362476289272,-0.00885121524333954,0.00873409304767847,0,
00:00:00.608,-0.0421568490564823,-0.00239373696967959,0.00571393268182874,0,
00:00:00.612,0.0217279121279716,0.00135084264911711,0.0148734711110592,0,
00:00:00.616,0.0353692732751369,0.00460128532722592,0.00261125760152936,0,
00:00:00.62,-0.0245443359017372,2.5259244011977E-06,-0.0124968234449625,0,
00:00:00.624,-0.00983589049428701,-0.000869905343279243,-0.0174468439072371,0,
00:00:00.628,0.0208098907023668,-0.00459155207499862,-0.00225805304944515,0,
00:00:00.632,-0.00255926256068051,0.0081991832703352,0.0277649965137243,0,
00:00:00.636,-0.0376548208296299,-0.0024143005721271,-0.0132463881745934,0,
00:00:00.64,0.0136600909754634,0.00138471578247845,-0.00716386921703815,0,
00:00:00.644,0.0552266128361225,-0.00437896279618144,-0.0159985795617104,0,
00:00:00.648,-0.026265662163496,0.00211732508614659,0.0162210036069155,0,
00:00:00.652,-0.0236277431249619,-0.00280263694003224,0.0526046380400658,0,
00:00:00.656,0.0040254732593894,0.00335705722682178,-0.0188021026551723,0,
00:00:00.66,0.00940895546227694,0.00181706110015512,-0.0334191806614399,0,
00:00:00.664,-0.0156240938231349,-0.00908418744802475,-0.0300905145704746,0,
00:00:00.668,0.00467035220935941,0.00387468654662371,0.00733609171584249,0,
00:00:00.672,0.011962347663939,0.0111172394827008,0.0322444066405296,0,
00:00:00.676,0.0190441701561213,-0.00416562985628843,0.0188639517873526,0,
00:00:00.68,0.00815910752862692,-0.00609848601743579,-0.0131198512390256,0,
00:00:00.684,-0.0552845448255539,-0.00701045943424106,-0.00829378422349691,0,
00:00:00.688,-0.000778305809944868,0.00460331281647086,0.011461615562439,0,
00:00:00.692,0.0273004155606031,0.00566332135349512,0.00317019480280578,0,
00:00:00.696,0.0047211479395628,0.00466753216460347,-0.0256051290780306,0,
00:00:00.7,-0.00695467041805387,-0.0046478365547955,-0.0108640398830175,0,
00:00:00.704,-0.00147782871499658,-0.00183747767005116,-0.00110861018765718,0,
00:00:00.708,-0.00464954692870378,0.00355119328014553,0.0138926701620221,0,
00:00:00.712,0.0307258199900389,-0.00604747096076608,0.012916062027216,0,
00:00:00.716,-0.0263000912964344,-0.00314759230241179,0.0367213003337383,0,
00:00:00.72,-0.00181462534237653,0.0056354096159339,-0.0288870465010405,0,
00:00:00.724,-0.00327686662785709,-0.000313351454678923,-0.0105876438319683,0,
00:00:00.728,-0.00308505003340542,0.00184290844481438,-0.00995324552059174,0,
00:00:00.732,0.00175926426891237,0.000872858217917383,-0.00964385736733675,0,
00:00:00.736,0.023566909134388,0.00155802245717496,0.00862744636833668,0,
00:00:00.74,-0.0129942735657096,-0.00108450453262776,-2.02119445020799E-05,0,
00:00:00.744,0.0272460374981165,-0.00672653410583735,0.0089703006669879,0,
00:00:00.748,-0.0162165518850088,-0.00237393332645297,0.0305838771164417,0,
00:00:00.752,-0.0468510985374451,0.00439658015966415,-0.025601914152503,0,
00:00:00.756,0.00259450450539589,0.00618212856352329,-0.00211295997723937,0,
00:00:00.76,0.0213577188551426,0.00151839689351618,-0.0195330809801817,0,
00:00:00.764,0.0272813346236944,-0.00867477804422379,0.00624584453180432,0,
00:00:00.768,0.0102155804634094,0.00237428583204746,0.00689633982256055,0,
00:00:00.772,-0.00049666129052639,0.00460830610245466,0.00422393251210451,0,
00:00:00.776,-0.0407384820282459,-0.0102238524705172,0.0324707515537739,0,
00:00:00.78,-0.0117081450298429,0.000555175764020532,-0.0238758958876133,0,
00:00:00.784,-0.00465543568134308,0.00872998125851154,-0.0212075989693403,0,
00:00:00.788,0.0404153279960155,0.00202621915377676,0.000473592896014452,0,
00:00:00.792,0.0190636813640594,-0.00184446235653013,0.00669382931664586,0,
00:00:00.796,-0.02918416634202,-0.000752467953134328,-0.00476189004257321,0,
00:00:00.8,-0.000382917787646875,-0.00601154239848256,0.00391393806785345,0,
00:00:00.804,0.00859060604125261,-0.000183444179128855,0.00950815062969923,0,
00:00:00.808,-0.0319523327052593,0.00204720627516508,0.0118120322003961,0,
00:00:00.812,0.00945308152586222,0.00615410599857569,-0.00415725819766521,0,
00:00:00.816,0.0164843183010817,-0.00504686497151852,-0.010892091318965,0,
00:00:00.82,0.0172089822590351,-0.00136452610604465,-0.00458858069032431,0,
00:00:00.824,-0.018794072791934,0.00274267746135592,-0.000373889080947265,0,
00:00:00.828,0.00165787618607283,-0.00493111507967114,-0.000289668067125604,0,
00:00:00.832,0.00363781396299601,0.00312663894146681,0.00416659796610475,0,
00:00:00.836,-0.0125731006264687,0.00328185199759901,0.00730424746870995,0,
00:00:00.84,0.00245395442470908,0.00297181075438857,-0.0053440909832716,0,
00:00:00.844,-0.0148554733023047,-0.00308862584643066,-0.0211014114320278,0,
00:00:00.848,0.0294618178158998,-0.00134091009385884,0.0257553979754448,0,
00:00:00.852,-0.0145790334790945,-0.00346813932992518,0.0262806341052055,0,
00:00:00.856,0.00564058776944876,-0.00744244549423456,-0.0218643639236689,0,
00:00:00.86,0.00114049506373703,0.0112578319385648,-0.0308196302503347,0,
00:00:00.864,0.018176257610321,0.0051699192263186,-0.00984132941812277,0,
00:00:00.868,0.00410076789557934,-0.000980599084869027,0.0326422564685345,0,
00:00:00.872,-0.0477607473731041,-0.00589349213987589,0.0160115230828524,0,
00:00:00.876,-0.00828276760876179,-0.0035518747754395,-0.0102062225341797,0,
00:00:00.88,0.00538887083530426,-0.00409647123888135,-0.0277112070471048,0,
00:00:00.884,0.0278235245496035,0.0102746626362205,0.0138552570715547,0,
00:00:00.888,0.0323463678359985,-0.000396818941226229,0.0319609418511391,0,
00:00:00.892,-0.019119506701827,0.00243526045233011,-0.0136006558313966,0,
00:00:00.896,-0.0154053503647447,-0.00438405480235815,-0.0203402861952782,0,
00:00:00.9,-0.0141367567703128,-0.00267428671941161,-0.00588707532733679,0,
00:00:00.904,0.000954231305513531,0.00455419346690178,0.00847727619111538,0,
00:00:00.908,0.0205312073230743,0.00427597342059016,0.00162875116802752,0,
00:00:00.912,-0.0102496426552534,-0.00529569946229458,0.010704499669373,0,
00:00:00.916,-0.0333676598966122,-0.00858023669570684,0.00142604787833989,0,
00:00:00.92,0.093088872730732,0.00322694331407547,-0.0124846193939447,0,
00:00:00.924,-0.0056022577919066,0.00732748210430145,0.00487060705199838,0,
00:00:00.928,-0.0706824287772179,0.00305006024427712,0.00361622287891805,0,
00:00:00.932,-0.0302518978714943,0.00263415789231658,-0.00736785167828202,0,
00:00:00.936,-0.00447345012798905,-0.0135953929275274,-0.0059187370352447,0,
00:00:00.94,0.0667151510715485,-0.00429354887455702,0.00778576545417309,0,
00:00:00.944,0.0142916580662131,-0.00285344664007425,-0.000149520055856556,0,
00:00:00.948,-0.00593391014263034,0.0201392844319344,0.00245095882564783,0,
00:00:00.952,-0.00229372945614159,0.00549963349476457,0.00386407459154725,0,
00:00:00.956,-0.0204331260174513,-0.00466051790863276,0.00641034450381994,0,
00:00:00.96,-0.0192460622638464,-0.0118453223258257,-0.0231851637363434,0,
00:00:00.964,0.0117270387709141,-0.00572592625394464,0.0160541087388992,0,
00:00:00.968,-0.0060356454923749,0.00571681605651975,0.00536606693640351,0,
00:00:00.972,0.0180188603699207,0.00114699243567884,-0.0251068435609341,0,
00:00:00.976,0.0327510088682175,0.003430409822613,0.0228032767772675,0,
00:00:00.98,-0.0263369083404541,0.00391404004767537,-0.0149801848456264,0,
00:00:00.984,-0.0308745428919792,-0.00438326084986329,-0.00792831461876631,0,
00:00:00.988,0.020971329882741,0.000876039557624608,0.0304224751889706,0,
00:00:00.992,0.00224983273074031,2.36059895541985E-05,-7.77420427766629E-05,0,
00:00:00.996,-0.00903840735554695,-0.00343438563868403,-0.0168303810060024,0,
00:00:01,0.00611957209184766,-0.00166425632778555,-0.00948431342840195,0,
00:00:01.004,-0.000879969447851181,-0.0034078792668879,0.00957923289388418,0,
00:00:01.008,-0.0162901785224676,0.00792467128485441,0.00109801988583058,0,
00:00:01.012,0.0302764382213354,0.00297748297452927,0.00846253335475922,0,
00:00:01.016,0.0157986935228109,-0.00679223658517003,-0.01538344938308,0,
00:00:01.02,-0.0173489432781935,0.00801006238907576,-0.00390844093635678,0,
00:00:01.024,-0.0221944563090801,0.00321865384466946,0.0226522646844387,0,
00:00:01.028,-0.00513527216389775,-0.00971478130668402,0.00931161921471357,0,
00:00:01.032,0.0001730177027639,-0.00205973931588233,-0.0112244822084904,0,
00:00:01.036,0.0134131889790297,-0.0056207817979157,-0.0219034757465124,0,
00:00:01.04,0.0364402867853642,0.0029369683470577,-0.00743628339841962,0,
00:00:01.044,-0.0239766016602516,0.00980863440781832,0.00679729925468564,0,
00:00:01.048,-0.0144222043454647,0.00640443526208401,0.0181868262588978,0,
00:00:01.052,-0.00637946557253599,-0.00606000004336238,0.00726999575272202,0,
00:00:01.056,0.000315108831273392,-0.0086178258061409,0.000147959552123211,0,
00:00:01.06,0.000116261180664878,-0.00277201062999666,-0.00390322646126151,0,
00:00:01.064,0.0277020633220673,0.00460908841341734,-0.0132774990051985,0,
00:00:01.068,0.00779852876439691,0.00445017637684941,-0.0104713048785925,0,
00:00:01.072,-0.0308457668870687,-0.00040736427763477,0.0103103155270219,0,
00:00:01.076,-0.00191735965199769,-0.000907799229025841,0.00354549218900502,0,
00:00:01.08,0.01174645870924,0.00799315515905619,0.00258619827218354,0,
00:00:01.084,-0.0204027071595192,-0.00569320982322097,0.0123651521280408,0,
00:00:01.088,0.0159381683915854,-0.00628247857093811,0.00122415868099779,0,
00:00:01.092,0.0111677227541804,-0.00223696115426719,-0.0228612888604403,0,
00:00:01.096,-0.00323166348971426,-0.000594120239838958,0.0121453488245606,0,
00:00:01.1,0.0128783900290728,0.00704015325754881,-0.0104902116581798,0,
00:00:01.104,-0.0233020149171352,-0.00201398925855756,-0.0100115165114403,0,
00:00:01.108,-0.00902516394853592,0.00349560147151351,0.00302346097305417,0,
00:00:01.112,-0.0107348263263702,-0.00222557852976024,0.0231281612068415,0,
00:00:01.116,0.0224479287862778,0.00933368876576424,0.00421829149127007,0,
00:00:01.12,0.00571419205516577,-0.00491827633231878,-0.00536303082481027,0,
00:00:01.124,0.00466532958671451,-0.00455755414441228,-0.0114354267716408,0,
00:00:01.128,-0.00482373125851154,-0.00928738247603178,0.00123876973520964,0,
00:00:01.132,-0.0003521514008753,0.00297450739890337,0.00431691855192184,0,
00:00:01.136,0.00690926657989621,0.00990106444805861,-0.00375590240582824,0,
00:00:01.14,-0.0165722593665123,-0.00431847292929888,-0.00486620329320431,0,
00:00:01.144,-0.0130997905507684,0.00137812562752515,-0.0143661918118596,0,
00:00:01.148,0.0153688061982393,0.00152571161743253,0.0237705856561661,0,
00:00:01.152,0.0251255389302969,-0.00201989756897092,0.0303224660456181,0,
00:00:01.156,-0.0243463963270187,0.0050782784819603,-0.0192529764026403,0,
00:00:01.16,-0.00974443648010492,-0.00147139560431242,-0.0270514413714409,0,
00:00:01.164,0.0155307035893202,-0.00376955629326403,-0.0118114743381739,0,
00:00:01.168,0.0149473566561937,-0.00907523557543755,0.0107227694243193,0,
00:00:01.172,-0.0190108641982079,0.00313929817639291,0.0230120066553354,0,
00:00:01.176,-0.026051452383399,0.00378322438336909,-0.00320033892057836,0,
00:00:01.18,0.0348919741809368,0.00574207399040461,0.0025221211835742,0,
00:00:01.184,-0.0011784031521529,0.00429393351078033,0.000669034430757165,0,
00:00:01.188,-0.0160569697618485,-0.00338479713536799,-0.0171121917665005,0,
00:00:01.192,0.0249200593680143,-0.0025441360194236,-0.000677435717079788,0,
00:00:01.196,-0.0183071028441191,-0.00467681931331754,0.01163868047297,0,
00:00:01.2,0.00383140426129103,-0.00395648973062634,0.00330782379023731,0,
00:00:01.204,-0.0219281427562237,0.00311588426120579,-0.00670959381386638,0,
00:00:01.208,0.0113755939528346,0.00411791121587157,-0.00026152646751143,0,
00:00:01.212,0.0213542487472296,0.0022922286298126,-0.01203185133636,0,
00:00:01.216,0.00928011070936918,0.00214584544301033,0.0303478799760342,0,
00:00:01.22,-0.0209870655089617,-0.00531765772029758,-0.0104824444279075,0,
00:00:01.224,-0.00543148256838322,0.000936890253797174,-0.0223970673978329,0,
00:00:01.228,-0.00746277673169971,-0.00351597904227674,-0.00331764412112534,0,
00:00:01.232,0.0268924999982119,0.00738681992515922,0.0118777388706803,0,
00:00:01.236,-0.0177618972957134,-0.00602082116529346,0.0142966648563743,0,
00:00:01.24,-0.0266883820295334,-0.00182723323814571,0.011913931928575,0,
00:00:01.244,0.0664946958422661,-0.00509312283247709,-0.00880270637571812,0,
00:00:01.248,-0.0147457960993052,0.0163099318742752,-0.00959431659430265,0,
00:00:01.252,-0.0425190031528473,-0.00351440953090787,0.00815065111964941,0,
00:00:01.256,0.00598424393683672,-0.00569449178874493,-0.0135298147797585,0,
00:00:01.26,0.0038502577226609,-0.00421424955129623,-0.0158615130931139,0,
00:00:01.264,0.0132812606170774,0.0114885289222002,-0.00408240035176277,0,
00:00:01.268,-0.00696887774392962,-0.00383472885005176,0.0154189271852374,0,
00:00:01.272,0.0133070563897491,-0.00665263133123517,0.0201707743108273,0,
00:00:01.276,0.0395991764962673,0.00920689292252064,-0.00894402526319027,0,
00:00:01.28,-0.0523088276386261,-0.000386327941669151,0.0297831185162067,0,
00:00:01.284,-0.0379785634577274,-0.012069902382791,-0.0104806013405323,0,
00:00:01.288,0.00211109104566276,-0.00347784953191876,-0.0237034037709236,0,
00:00:01.292,0.0488875582814217,0.0156672950834036,-0.0213758908212185,0,
00:00:01.296,0.0485156141221523,0.0124989226460457,0.00850581657141447,0,
00:00:01.3,-0.0462818257510662,-0.0126880267634988,-0.00396469514816999,0,
00:00:01.304,-0.0237142127007246,-0.00930860452353954,-0.00625452632084489,0,
00:00:01.308,0.00383896171115339,-0.00458873482421041,0.0620823055505753,0,
00:00:01.312,0.00478732585906982,0.00239876611158252,-0.00668664509430528,0,
00:00:01.316,0.00272994232363999,0.00982821080833673,-0.0161672346293926,0,
00:00:01.32,-0.0178565662354231,0.000894718512427062,-0.0315998531877995,0,
00:00:01.324,0.0176810659468174,-0.00133290304802358,-0.00476796226575971,0,
00:00:01.328,0.0207926798611879,0.00299592292867601,0.0200578607618809,0,
00:00:01.332,-0.0126074105501175,0.00177029357291758,-0.00178901082836092,0,
00:00:01.336,-0.0147223984822631,-0.00927966181188822,0.0137938437983394,0,
00:00:01.34,-0.00960260909050703,-0.0010672474745661,-0.0102497022598982,0,
00:00:01.344,0.0280555095523596,-0.00278637185692787,-0.00269883126020432,0,
00:00:01.348,0.00717363553121686,0.00537039805203676,0.00777167780324817,0,
00:00:01.352,-0.013491690158844,-0.00216252752579749,-0.00970382615923882,0,
00:00:01.356,0.00520120188593864,0.00647311331704259,0.00656257942318916,0,
00:00:01.36,-0.0227761305868626,-0.00102224806323647,0.0107662407681346,0,
00:00:01.364,-0.0137648023664951,0.00434251828119159,-0.0131798535585403,0,
00:00:01.368,0.00714454473927617,-0.00878181867301464,-0.0134288854897022,0,
00:00:01.372,0.042238611727953,-0.00480527523905039,-0.00190076208673418,0,
00:00:01.376,0.00954563077539206,0.0181666184216738,0.036094605922699,0,
00:00:01.38,-0.040459617972374,-0.0091233141720295,0.0105432076379657,0,
00:00:01.384,-0.00815228559076786,-0.0153107950463891,-0.0466765686869621,0,
00:00:01.388,0.0119827827438712,0.00859080534428358,-0.00765858357772231,0,
00:00:01.392,0.0191007144749165,0.0134323490783572,0.0239581819623709,0,
00:00:01.396,0.0139293875545263,-0.00323764141649008,0.000361977668944746,0,
00:00:01.4,-0.0460159480571747,-0.0101788714528084,0.00658837473019958,0,
00:00:01.404,-0.00690908776596189,0.000718796858564019,-0.00685658166185021,0,
00:00:01.408,0.0395428761839867,0.0055387387983501,0.0186919737607241,0,
00:00:01.412,-0.00431208312511444,0.00248363381251693,-0.0290827378630638,0,
00:00:01.416,-0.0125081511214375,-0.00113515090197325,0.00770858721807599,0,
00:00:01.42,-0.0252697970718145,-0.00681203976273537,-0.00437590712681413,0,
00:00:01.424,0.0394976884126663,-0.0023459738586098,-0.00686242477968335,0,
00:00:01.428,-0.00631744088605046,0.00237404205836356,0.0412277095019817,0,
00:00:01.432,0.00412864843383431,0.00607900228351355,-0.0235928818583488,0,
00:00:01.436,-0.0266308281570673,0.00714115193113685,-0.0107339089736342,0,
00:00:01.44,0.0107325557619333,-0.0068565346300602,-0.015948910266161,0,
00:00:01.444,0.0086701400578022,-0.00614728452637792,0.021332822740078,0,
00:00:01.448,0.00359725300222635,-0.00140410335734487,0.0117345517501235,0,
00:00:01.452,0.0116075230762362,0.0083679836243391,0.000666030391585082,0,
00:00:01.456,-0.0148420222103596,-0.00286203413270414,-0.00768375769257545,0,
00:00:01.46,-0.0106681315228343,0.00334560172632337,-0.0147451553493738,0,
00:00:01.464,-0.0274238213896751,-0.00812843255698681,0.00160586752463132,0,
00:00:01.468,0.0520453341305256,0.000831744051538408,0.0201955251395702,0,
00:00:01.472,-0.000806494965218008,0.000987160135991871,-0.0011755668092519,0,
00:00:01.476,-0.0158478673547506,-8.3023238403257E-05,-0.00319322943687439,0,
00:00:01.48,-0.0136288991197944,0.0101118460297585,-0.0178464464843273,0,
00:00:01.484,0.0145444069057703,0.00284681585617363,-0.00311780138872564,0,
00:00:01.488,0.0135394772514701,-0.00883584190160036,0.0199875738471746,0,
00:00:01.492,-0.0200851019471884,-0.00504077365621924,0.00408055959269404,0,
00:00:01.496,0.00521758943796158,-0.00768630066886544,-0.00155854970216751,0,
00:00:01.5,-0.00176308851223439,0.00285729742608964,-0.0112646501511335,0,
00:00:01.504,-0.0327952429652214,0.0110014602541924,0.00526623707264662,0,
00:00:01.508,0.0279038716107607,0.00154361024033278,-0.00343487691134214,0,
00:00:01.512,0.0200075190514326,0.00275363214313984,-0.00458614807575941,0,
00:00:01.516,0.0388902798295021,-0.0035012005828321,0.00461169658228755,0,
00:00:01.52,-0.0140664950013161,-0.0041812201961875,0.00205755140632391,0,
00:00:01.524,-0.0594001039862633,-0.00224082102067769,0.0112668629735708,0,
00:00:01.528,-0.0140024209395051,8.74524175742408E-06,-0.0180139001458883,0,
00:00:01.532,-0.0267418324947357,-0.00281704775989056,-0.00890515279024839,0,
00:00:01.536,0.0447063483297825,0.00546542461961508,0.0131022790446877,0,
00:00:01.54,0.0567393638193607,0.00423098262399435,0.0255858227610588,0,
00:00:01.544,0.0189566444605589,0.00262260041199625,-0.0178329832851887,0,
00:00:01.548,-0.0396243147552013,-0.00192468392197043,-0.0141063760966063,0,
00:00:01.552,-0.0422838851809502,-0.00825776252895594,0.0118642607703805,0,
00:00:01.556,-0.0145767591893673,-0.00357229518704116,-0.0106301652267575,0,
00:00:01.56,0.0373525992035866,0.010191822424531,-0.00457239802926779,0,
00:00:01.564,0.00284099765121937,0.00049071985995397,0.00474677979946136,0,
00:00:01.568,-0.0293736476451159,-0.0111705642193556,0.0207195766270161,0,
00:00:01.572,0.0653817504644394,0.00334138353355229,0.002460568677634,0,
00:00:01.576,0.00266326661221683,0.00777813233435154,-0.00804683845490217,0,
00:00:01.58,-0.0449108742177486,0.000973659683950245,-0.0158070772886276,0,
00:00:01.584,-0.0169657785445452,-0.00617005350068212,-0.00798280816525221,0,
00:00:01.588,0.00614966498687863,0.0140475276857615,0.024823147803545,0,
00:00:01.592,-0.00825273711234331,-0.0120180975645781,-0.00595586048439145,0,
00:00:01.596,0.00592356035485864,-0.0139306578785181,-0.0247194208204746,0,
00:00:01.6,0.0219246968626976,0.00332731637172401,0.0243994705379009,0,
00:00:01.604,0.0433396883308887,0.0149923767894506,0.0273811779916286,0,
00:00:01.608,-0.0143829751759768,0.000734292843844742,-0.0260903406888247,0,
00:00:01.612,-0.0534698739647865,-0.00298877945169806,-0.0192539971321821,0,
00:00:01.616,-0.0354071818292141,0.00174210174009204,-0.000160921947099268,0,
00:00:01.62,0.0816436484456062,-0.00478114280849695,0.0131881851702929,0,
00:00:01.624,0.0139907915145159,0.00532031990587711,0.0011510334443301,0,
00:00:01.628,-0.0531159453094006,-0.0076003079302609,0.0116141270846128,0,
00:00:01.632,-0.0286627393215895,-0.00442832196131349,-0.00120196060743183,0,
00:00:01.636,0.0268569625914097,0.00764382258057594,0.000220520247239619,0,
00:00:01.64,0.02081055380404,0.000559979758691043,-0.0133081041276455,0,
00:00:01.644,0.0150949750095606,-0.00294062681496143,-0.0114542050287127,0,
00:00:01.648,-0.0116807371377945,0.00158480973914266,0.00345453899353743,0,
00:00:01.652,0.00668515311554074,0.00186658767051995,0.0218821801245213,0,
00:00:01.656,-0.00761668523773551,-0.00146997394040227,-0.0061130179092288,0,
00:00:01.66,-0.0348902344703674,0.00555720087140799,-0.00294573791325092,0,
00:00:01.664,0.00329845608212054,-0.00126371625810862,0.00736097386106849,0,
00:00:01.668,0.0205855965614319,-0.0100681642070413,-0.00376717071048915,0,
00:00:01.672,0.00772005552425981,-0.00337543897330761,-0.0103192077949643,0,
00:00:01.676,-0.00454641878604889,0.011984390206635,-0.00805207621306181,0,
00:00:01.68,0.00252000195905566,0.00229647429659963,0.00482239481061697,0,
00:00:01.684,0.00856212433427572,-0.00207764958031476,0.0212818309664726,0,
00:00:01.688,0.0187023282051086,-0.00489125307649374,-0.00966946687549353,0,
00:00:01.692,0.00435278285294771,0.00232922728173435,0.0164065957069397,0,
00:00:01.696,-0.0710564479231834,0.00147288024891168,-0.0239013023674488,0,
00:00:01.7,-0.0155157931149006,-0.00482642324641347,-0.012741070240736,0,
00:00:01.704,0.0170001424849033,0.000246313196839765,0.00712343351915479,0,
00:00:01.708,0.0445932261645794,-0.000139389565447345,0.0213477201759815,0,
00:00:01.712,0.0219622477889061,0.00359360221773386,0.00302914227358997,0,
00:00:01.716,0.00518605532124639,0.00429455516859889,-0.0175585150718689,0,
00:00:01.72,-0.0303862113505602,0.00203680153936148,-0.00294693280011415,0,
00:00:01.724,-0.0355731323361397,-0.00921046361327171,0.00510377902537584,0,
00:00:01.728,0.017475314438343,-0.00312475627288222,-0.000330970127834007,0,
00:00:01.732,0.0332647673785686,-0.000863549415953457,-0.0100717060267925,0,
00:00:01.736,-0.0210914500057697,0.000662957900203764,0.0321031399071217,0,
00:00:01.74,-0.0176117736846209,0.0162468384951353,-0.00587973650544882,0,
00:00:01.744,-0.0295494757592678,-0.00556932669132948,-0.0333408936858177,0,
00:00:01.748,0.0714202374219894,-0.00748646166175604,0.0042671849951148,0,
00:00:01.752,0.0402616783976555,0.00547137530520558,0.0218799393624067,0,
00:00:01.756,-0.0615673922002316,-0.00848620291799307,0.00749495672062039,0,
00:00:01.76,-0.0387813597917557,0.000627947156317532,-0.0109890205785632,0,
00:00:01.764,0.00415758229792118,0.00557665852829814,-0.00522566493600607,0,
00:00:01.768,0.00986260827630758,-0.00332110468298197,6.37042103335261E-05,0,
00:00:01.772,0.0546574741601944,0.00529265590012074,-0.00398170482367277,0,
00:00:01.776,-0.0140885803848505,0.00255690584890544,-0.00676360167562962,0,
00:00:01.78,-0.0164921265095472,-0.00576750840991735,0.00044422279461287,0,
00:00:01.784,-0.0161854848265648,0.000509782461449504,0.0123189957812428,0,
00:00:01.788,0.00806081481277943,0.000515756022650748,0.0217239875346422,0,
00:00:01.792,-1.52387683556299E-05,-0.00888342317193747,0.00644233310595155,0,
00:00:01.796,0.00576671445742249,0.0089968116953969,-0.0400676913559437,0,
00:00:01.8,-0.00255458359606564,-0.00223723333328962,0.000315328245051205,0,
00:00:01.804,-0.000320986175211146,0.00296510150656104,0.00396982859820127,0,
00:00:01.808,0.0106373848393559,0.00387298502027988,-0.00181430752854794,0,
00:00:01.812,-0.0052867797203362,-0.00253866566345096,0.00694955512881279,0,
00:00:01.816,0.0381647795438766,0.00273589557036757,0.00195961073040962,0,
00:00:01.82,-0.0469497740268707,-0.0119895553216338,0.00380258844234049,0,
00:00:01.824,-0.0225442014634609,-0.000957929936703295,0.0119323208928108,0,
00:00:01.828,-0.00180248671676964,0.00598870078101754,-0.0110042113810778,0,
00:00:01.832,0.0147504564374685,0.0022143735550344,-0.00858801696449518,0,
00:00:01.836,0.00339542957954109,0.000562618835829198,-0.0113222328945994,0,
00:00:01.84,0.0207861196249723,-0.00434133596718311,0.0135801890864968,0,
00:00:01.844,0.0626336932182312,0.00762126361951232,0.0122634544968605,0,
00:00:01.848,-0.0421205833554268,-0.0011535647790879,-0.0159226134419441,0,
00:00:01.852,-0.0716527625918388,-0.00949171278625727,0.00673286616802216,0,
00:00:01.856,-9.25112253753468E-05,0.00789871346205473,0.00940918177366257,0,
00:00:01.86,0.0635899156332016,0.000618519203271717,-0.0155032472684979,0,
00:00:01.864,-0.0280304253101349,-0.00394932087510824,-0.00435766717419028,0,
00:00:01.868,0.00504047144204378,0.00235275598242879,0.011572509072721,0,
00:00:01.872,-0.00452528242021799,0.00115812302101403,0.00590691063553095,0,
00:00:01.876,0.000959991244599223,-0.000980973010882735,-0.0168098714202642,0,
00:00:01.88,0.0386937782168388,-0.00800883490592241,-0.00662298686802387,0,
00:00:01.884,-0.0201225522905588,0.00467985309660435,0.0184158366173506,0,
00:00:01.888,-0.0322579182684422,0.00265889172442257,0.015232689678669,0,
00:00:01.892,0.00528517970815301,-0.00308274454437196,-0.0139871351420879,0,
00:00:01.896,-0.00249610422179103,0.0038834260776639,-0.00406108144670725,0,
00:00:01.9,0.0123814083635807,0.00471782311797142,-0.012503556907177,0,
00:00:01.904,0.0321150459349155,-0.000250660959864035,0.00212995149195194,0,
00:00:01.908,-0.026093564927578,-0.00368240615352988,-0.00300478166900575,0,
00:00:01.912,-0.000869350100401789,-0.00390131724998355,0.0304923094809055,0,
00:00:01.916,0.0158054139465094,-0.0103297298774123,-0.00549636455252767,0,
00:00:01.92,-0.0425631962716579,0.00601134868338704,0.00467751827090979,0,
00:00:01.924,0.00270305597223341,0.00593754136934876,-0.0307694729417562,0,
00:00:01.928,0.0279097445309162,0.00597682781517506,0.000996571267023683,0,
00:00:01.932,0.0188830941915512,0.00529519189149141,0.011201293207705,0,
00:00:01.936,-0.0174586828798056,-0.00461032008752227,0.00679689552634954,0,
00:00:01.94,-0.0220739934593439,-0.0132259363308549,-0.0205581728368998,0,
00:00:01.944,-0.0185676291584969,0.00551321636885405,0.0225041676312685,0,
00:00:01.948,0.0715817958116531,-0.00394024699926376,0.0110004851594567,0,
00:00:01.952,-0.0168158542364836,-0.000981618301011622,-0.0255161747336388,0,
00:00:01.956,-0.0201459024101496,0.002998590702191,0.00175781291909516,0,
00:00:01.96,-0.0203428454697132,0.0103685781359673,0.00642115995287895,0,
00:00:01.964,-0.000163944801897742,-0.00736660091206431,-0.00111897254828364,0,
00:00:01.968,0.0215069204568863,0.00150154961738735,-0.0114589082077146,0,
00:00:01.972,0.00825881212949753,0.00983094237744808,0.0165937207639217,0,
00:00:01.976,0.000614451826550066,-0.00636338535696268,0.0243133585900068,0,
00:00:01.98,-0.0116333169862628,-0.0165416244417429,-0.0248655378818512,0,
00:00:01.984,-0.023407120257616,-0.00221471232362092,-0.0251758750528097,0,
00:00:01.988,0.00608477368950844,0.0155044505372643,0.00483818957582116,0,
00:00:01.992,0.0629978775978088,0.00505135161802173,0.0107881184667349,0,
00:00:01.996,-0.0234918911010027,0.000918639590963721,0.0133693590760231,0,
00:00:02,-0.0338350161910057,-0.0116050727665424,0.00631397636607289,0,
00:00:02.004,-0.0128378914669156,0.00550795299932361,-0.00388601748272777,0,
00:00:02.008,0.0197220761328936,-0.00257812486961484,-0.0147005161270499,0,
00:00:02.012,0.0323596857488155,0.00443419208750129,-0.0135480919852853,0,
00:00:02.016,-0.0295981597155333,-0.00316444202326238,0.00998181197792292,0,
00:00:02.02,-0.0138479499146342,-0.00701247900724411,0.0157267991453409,0,
00:00:02.024,0.0156574174761772,0.00150021596346051,-0.00521335750818253,0,
00:00:02.028,0.00317245908081532,0.00670129526406527,0.00108648103196174,0,
00:00:02.032,-0.00229170173406601,0.00796945579349995,0.00828783679753542,0,
00:00:02.036,-0.00269014271907508,-0.00429941946640611,-0.00985637865960598,0,
00:00:02.04,0.0053581683896482,-0.0101360082626343,-0.0173113327473402,0,
00:00:02.044,0.0178710017353296,0.000812371494248509,0.00564079778268933,0,
00:00:02.048,-0.0124288694933057,0.00346427131444216,0.0159529540687799,0,
00:00:02.052,-0.0143872862681746,0.00238687405362725,-0.00448883371427655,0,
00:00:02.056,-0.0140599114820361,0.00463072396814823,-0.00489853462204337,0,
00:00:02.06,0.0126050747931004,-0.00476162740960717,-0.000406117091188207,0,
00:00:02.064,0.013034051284194,-0.00856796745210886,0.0088045634329319,0,
00:00:02.068,-0.0139265917241573,0.00283139361999929,0.00516258785501122,0,
00:00:02.072,0.00692398333922029,0.00686580874025822,-0.00116225949022919,0,
00:00:02.076,0.0587502717971802,0.00484794192016125,-0.0174013078212738,0,
00:00:02.08,-0.0565537251532078,-0.0118258977308869,0.0067399456165731,0,
00:00:02.084,-0.0279023423790932,-0.00116859620902687,-0.0138555001467466,0,
00:00:02.088,0.00695465924218297,0.00982147268950939,-0.00651456788182259,0,
00:00:02.092,0.0198771879076958,-7.55564760765992E-05,0.0301183760166168,0,
00:00:02.096,-0.0030837741214782,-0.00307047227397561,0.00799387227743864,0,
00:00:02.1,0.0118566546589136,-0.0024633458815515,-0.011233045719564,0,
00:00:02.104,0.00723963836207986,-0.000743170618079603,0.0157518722116947,0,
00:00:02.108,-0.0120380893349648,0.000622137391474098,-0.0236360020935535,0,
00:00:02.112,-0.00755163095891476,0.00112004554830492,-0.0166927501559258,0,
00:00:02.116,-0.0141032114624977,0.000891340838279575,-0.00176618155092001,0,
00:00:02.12,0.00993539299815893,-0.00380397960543633,0.0293922387063503,0,
00:00:02.124,0.0274727325886488,0.00381541321985424,-0.0025348849594593,0,
00:00:02.128,-0.0218830928206444,0.00499262195080519,-0.00661597261205316,0,
00:00:02.132,0.0138443056493998,0.000105929582787212,-0.00018363214621786,0,
00:00:02.136,0.00789462309330702,-0.00341633148491383,-0.000272073899395764,0,
00:00:02.14,-0.0362941175699234,-0.00586486514657736,0.00946854986250401,0,
00:00:02.144,0.0203149076551199,-6.86186540406197E-05,-0.00428541237488389,0,
00:00:02.148,0.00902398489415646,-0.00448043644428253,-0.00149659893941134,0,
00:00:02.152,-0.0172318611294031,0.00341587630100548,-0.00018309461302124,0,
00:00:02.156,-0.0208645761013031,0.00974032841622829,-0.0125974398106337,0,
00:00:02.16,0.00583882909268141,0.00186097098048776,0.00298691517673433,0,
00:00:02.164,0.0294897854328156,-0.0046375491656363,-0.00176272005774081,0,
00:00:02.168,0.0065357624553144,0.00254749576561153,0.0101162837818265,0,
00:00:02.172,0.00790555216372013,-0.00474888551980257,0.0321161821484566,0,
00:00:02.176,-0.0212815925478935,-0.00376273365691304,-0.0148155624046922,0,
00:00:02.18,-0.0154072362929583,-0.00258453655987978,-0.0419119298458099,0,
00:00:02.184,0.00258211488835514,0.00588794285431504,-0.00778309162706137,0,
00:00:02.188,0.00559454038739204,0.00412331940606236,0.0225949995219707,0,
00:00:02.192,0.00160282244905829,-0.00392490858212113,0.0235482845455408,0,
00:00:02.196,0.00948313530534506,-0.00238361791707575,-0.00640444969758391,0,
00:00:02.2,0.0225863102823496,0.00687295151874423,-0.0108004827052355,0,
00:00:02.204,-0.0599413402378559,-0.00590313412249088,-0.00318135553970933,0,
00:00:02.208,0.0213433150202036,0.000886481546331197,0.0405518114566803,0,
00:00:02.212,0.0584502182900906,0.00592504208907485,-0.0286982245743275,0,
00:00:02.216,-0.0462592244148254,-0.00539866602048278,-0.0286752749234438,0,
00:00:02.22,-0.0117545640096068,-0.0018182914936915,0.001356614055112,0,
00:00:02.224,-0.00597146106883883,0.000358964694896713,0.021570723503828,0,
00:00:02.228,-0.0323985815048218,0.00115563860163093,0.00227129086852074,0,
00:00:02.232,0.0515436083078384,0.00307004456408322,-0.00532934255897999,0,
00:00:02.236,0.0458847768604755,-0.00154681247659028,0.0119782295078039,0,
00:00:02.24,-0.0421119965612888,0.000337221834342927,0.0125305550172925,0,
00:00:02.244,0.012901377864182,-0.00251350877806544,-0.019544804468751,0,
00:00:02.248,-0.0537170171737671,-0.00323274312540889,-0.0156760178506374,0,
00:00:02.252,-0.0233313422650099,0.00262651103548706,-0.00241669151000679,0,
00:00:02.256,0.0937684699892998,-0.00105582328978926,0.0111304195597768,0,
00:00:02.26,0.0231788139790297,0.00948335975408554,0.00717975292354822,0,
00:00:02.264,-0.0658274292945862,0.00101746444124728,0.00475933589041233,0,
00:00:02.268,-0.0263624154031277,-0.0103267868980765,-0.0089779095724225,0,
00:00:02.272,0.00660295551642776,-0.00301341922022402,0.00190544221550226,0,
00:00:02.276,0.0158242825418711,0.00409126607701182,-0.00376819516532123,0,
00:00:02.28,0.0124459052458405,0.00571652967482805,0.0143329221755266,0,
00:00:02.284,0.0153659312054515,0.0011007139692083,-0.000467011908767745,0,
00:00:02.288,-0.00484448205679655,-0.00467594619840384,-0.00979629531502724,0,
00:00:02.292,-0.00981194525957108,-0.00559558346867561,-0.0178745966404676,0,
00:00:02.296,-0.0153226675465703,0.00348595157265663,-0.0104454355314374,0,
00:00:02.3,0.0016285105375573,0.00118820171337575,0.0433611012995243,0,
00:00:02.304,0.0348964706063271,0.000554173660930246,0.014407685957849,0,
00:00:02.308,-0.00863959360867739,0.00241113221272826,-0.027107497677207,0,
00:00:02.312,-0.0350858345627785,-0.00183839374221861,-0.0156231094151735,0,
00:00:02.316,0.00642084423452616,-0.0017020613886416,0.00480521377176046,0,
00:00:02.32,0.00414446042850614,0.00171302584931254,-0.00524761015549302,0,
00:00:02.324,0.00148547790013254,-0.00549104670062661,0.0132616348564625,0,
00:00:02.328,0.0133568113669753,0.00318948086351156,0.0032072754111141,0,
00:00:02.332,-0.00619109580293298,0.00368065689690411,0.0126942424103618,0,
00:00:02.336,0.0256077591329813,0.00129467190708965,-0.00620088679715991,0,
00:00:02.34,-0.00684264721348882,0.00531900068745017,-0.0187125038355589,0,
00:00:02.344,-0.0138131659477949,-0.00771121354773641,-0.0173997469246387,0,
00:00:02.348,-0.0550379678606987,-0.0105332806706429,0.0338150598108768,0,
00:00:02.352,0.0202190615236759,0.000768960278946906,0.0231391526758671,0,
00:00:02.356,0.0311646237969399,0.00801386777311563,-0.0281079355627298,0,
00:00:02.36,0.0330962389707565,0.00362150534056127,-0.0257768891751766,0,
00:00:02.364,-0.0163554660975933,0.0029502606485039,0.0209228731691837,0,
00:00:02.368,-0.0312210507690907,-0.000684963306412101,0.000944881874602288,0,
00:00:02.372,0.00664428528398275,-0.000906924542505294,-0.0053246165625751,0,
00:00:02.376,-0.0228465627878904,-0.00706778466701508,-0.00948821566998959,0,
00:00:02.38,0.0826755836606026,-0.00127700949087739,0.0257194060832262,0,
00:00:02.384,0.00693536037579179,0.00978210754692554,0.0285041071474552,0,
00:00:02.388,-0.0924661755561829,-0.0120820142328739,-0.0268414728343487,0,
00:00:02.392,-0.0410734601318836,0.00075760151958093,-0.0238336939364672,0,
00:00:02.396,0.068253256380558,0.0108686210587621,-0.00122636987362057,0,
00:00:02.4,0.00934573728591204,-0.00232835789211094,-0.00205283844843507,0,
00:00:02.404,-0.0102819474413991,-0.00599708221852779,0.00784911494702101,0,
00:00:02.408,0.0205383319407701,-0.0037433342076838,0.0137347336858511,0,
00:00:02.412,0.00121076288633049,0.0105034252628684,-0.00644898181781173,0,
00:00:02.416,0.0114233139902353,0.00119024701416492,0.00526932254433632,0,
00:00:02.42,-0.0195284001529217,-0.00451573822647333,0.0199296455830336,0,
00:00:02.424,-0.0233585070818663,-0.00480675045400858,-0.0193270966410637,0,
00:00:02.428,-0.00932903867214918,0.00839799735695124,-0.0111259119585156,0,
00:00:02.432,0.00712777720764279,-0.000468185899080709,-0.00758226681500673,0,
00:00:02.436,0.0223048180341721,-0.00298646092414856,0.00797122437506914,0,
00:00:02.44,0.00342832948081195,-0.0022028274834156,-0.000776586530264467,0,
00:00:02.444,-0.00649480894207954,-0.00463558174669743,0.00624549575150013,0,
00:00:02.448,0.0197289902716875,0.00889279879629612,0.000701192242559046,0,
00:00:02.452,-0.0309110414236784,0.00258981180377305,0.00695818476378918,0,
00:00:02.456,0.0152074005454779,-0.00818332750350237,-0.000731366919353604,0,
00:00:02.46,-0.0243240874260664,0.00264217262156308,-0.0104358252137899,0,
00:00:02.464,0.0323834009468555,-0.0014940679538995,-0.00429874192923307,0,
00:00:02.468,0.0212382469326258,0.0040112710557878,0.023456983268261,0,
00:00:02.472,-0.0454767532646656,0.00165866909082979,-0.0123001905158162,0,
00:00:02.476,-0.0269257128238678,-0.00343145430088043,0.00226460117846727,0,
00:00:02.48,0.0139721855521202,-0.00674856826663017,-0.0160605423152447,0,
00:00:02.484,0.00039262929931283,0.00156899204012007,-0.00619085878133774,0,
00:00:02.488,0.0596285834908485,0.00443689059466124,0.0119872456416488,0,
00:00:02.492,0.00512361340224743,0.0138249443843961,0.0064859944395721,0,
00:00:02.496,-0.0219809133559465,-0.00887325685471296,-0.00321805151179433,0,
00:00:02.5,-0.0327674597501755,-0.00508526526391506,0.0103388847783208,0,
00:00:02.504,-0.013873347081244,-0.00875041820108891,0.00569213554263115,0,
00:00:02.508,0.00990756042301655,0.00758774718269706,-0.000375381467165425,0,
00:00:02.512,0.0231022201478481,0.00186348019633442,-0.0193455517292023,0,
00:00:02.516,-0.00237471214495599,-0.00180444750003517,-0.0150858368724585,0,
00:00:02.52,-0.000470722938189283,0.00411242619156837,0.00991268921643496,0,
00:00:02.524,-0.002652628114447,-0.00232427893206477,0.00601754058152437,0,
00:00:02.528,-0.0115426266565919,-0.00361360656097531,0.00557072227820754,0,
00:00:02.532,-0.00220765499398112,0.00863718893378973,-0.00030828095623292,0,
00:00:02.536,0.0437842793762684,0.00330570759251714,0.0153450770303607,0,
00:00:02.54,0.00826755631715059,-0.00958204455673695,0.0085817901417613,0,
00:00:02.544,-0.0369283184409142,-0.00602761283516884,-0.0241128969937563,0,
00:00:02.548,-0.0293364357203245,0.00675030751153827,-0.0240904409438372,0,
00:00:02.552,-0.00590569386258721,0.000389955122955143,0.0163643769919872,0,
00:00:02.556,0.01610292121768,-0.00263363402336836,-0.00438021356239915,0,
00:00:02.56,0.0195435732603073,-3.7505120417336E-05,0.00956297386437655,0,
00:00:02.564,0.0158443581312895,0.00418999558314681,0.0166474133729935,0,
00:00:02.568,-0.000541232526302338,0.0044640526175499,-0.00985239632427692,0,
00:00:02.572,-0.0171193405985832,-0.00240703765302897,-0.0157981868833303,0,
00:00:02.576,-0.0159434713423252,-0.00779325421899557,0.0100060999393463,0,
00:00:02.58,0.0191953331232071,0.0100927175953984,0.00855556968599558,0,
00:00:02.584,0.0262995772063732,-0.00480785593390465,-0.00574033102020621,0,
00:00:02.588,-0.0145358722656965,-0.00930844526737928,0.00522707868367434,0,
00:00:02.592,-0.0278822723776102,0.000786614313255996,0.00382261234335601,0,
00:00:02.596,-0.0268222168087959,0.00536146434023976,-0.0281728077679873,0,
00:00:02.6,0.0334685780107975,0.00703498348593712,0.0065212519839406,0,
00:00:02.604,0.00672121671959758,0.00637697800993919,0.0135787585750222,0,
00:00:02.608,-0.000840284512378275,-0.00618181983008981,-0.00466720573604107,0,
00:00:02.612,0.00939150992780924,-0.00715470500290394,0.00122799817472696,0,
00:00:02.616,-0.00949977152049541,-0.00543418386951089,0.000119460884889122,0,
00:00:02.62,0.0198228806257248,0.006748350802809,-0.00953265652060509,0,
00:00:02.624,-0.0112432828173041,-0.00171001092530787,0.0108896689489484,0,
00:00:02.628,-0.00801224820315838,0.00566777912899852,0.0148858623579144,0,
00:00:02.632,-0.0225347578525543,-0.00830583833158016,0.0112643474712968,0,
00:00:02.636,0.00493221031501889,0.0035333982668817,-0.0215520970523357,0,
00:00:02.64,0.0281367134302855,0.00436166347935796,-0.0193921271711588,0,
00:00:02.644,-0.0178447291254997,0.00140882947016507,-0.0118569182232022,0,
00:00:02.648,0.00563445687294006,-0.00128901947755367,0.00761243095621467,0,
00:00:02.652,0.0201064199209213,-0.0022877233568579,0.0147170871496201,0,
00:00:02.656,-0.0117684276774526,0.000291694275802001,0.00317484349943697,0,
00:00:02.66,-0.00456095393747091,-0.00261043477803469,0.0118245705962181,0,
00:00:02.664,-0.0162689741700888,-0.00127736770082265,0.00397747894749045,0,
00:00:02.668,0.0234169159084558,0.00272079044952989,0.0076730907894671,0,
00:00:02.672,-0.0174980368465185,-0.00453392788767815,-0.0076835504733026,0,
00:00:02.676,-0.00184220401570201,0.00580369168892503,-0.0283160675317049,0,
00:00:02.68,0.01155467890203,-0.000297742779366672,-0.0155374808236957,0,
00:00:02.684,-0.0166983716189861,0.00140138622373343,0.00915135350078344,0,
00:00:02.688,0.0180289372801781,-0.00182185729499906,0.0158395506441593,0,
00:00:02.692,0.018846794962883,0.00514454348012805,0.00716235488653183,0,
00:00:02.696,-0.0133383208885789,-0.00572856469079852,0.000931987422518432,0,
00:00:02.7,-0.0291222557425499,1.40403853947646E-05,0.0102848969399929,0,
00:00:02.704,0.000118450450827368,-0.00176149082835764,-0.0124188987538218,0,
00:00:02.708,0.0471887364983559,0.00158511591143906,-0.00100392790045589,0,
00:00:02.712,-0.0055424296297133,-0.00312234042212367,0.0142106413841248,0,
00:00:02.716,-0.0154574671760201,-0.000316440680762753,-0.0174773782491684,0,
00:00:02.72,-0.0136091914027929,0.00449891947209835,-0.00922921858727932,0,
00:00:02.724,-0.0286401435732841,0.00299504701979458,-0.00452524516731501,0,
00:00:02.728,-0.0013744457392022,-0.00406323047354817,0.00463716546073556,0,
00:00:02.732,0.0516995787620544,0.00217714812606573,0.00461028190329671,0,
00:00:02.736,0.0400725267827511,0.00954272318631411,0.0255627315491438,0,
00:00:02.74,-0.0436517260968685,-0.00464243721216917,-0.0204051285982132,0,
00:00:02.744,-0.0333296470344067,-0.0165435411036015,0.00337634538300335,0,
00:00:02.748,0.0179893430322409,-0.00570273259654641,-0.000456995650893077,0,
00:00:02.752,0.0172881092876196,0.0159749686717987,0.00257439888082445,0,
00:00:02.756,-0.022201556712389,-0.00231923209503293,0.00521648395806551,0,
00:00:02.76,-0.000732261454686522,0.00505884597077966,-0.0114644831046462,0,
00:00:02.764,-0.00549744814634323,0.00505085941404104,-0.0102591458708048,0,
00:00:02.768,0.0451679080724716,0.00126214930787683,-0.00238441559486091,0,
00:00:02.772,-0.0195493958890438,-0.00868091825395823,0.0147326439619064,0,
00:00:02.776,-0.0236504953354597,-0.0105933779850602,0.00314298179000616,0,
00:00:02.78,0.00286753196269274,0.00291454559192061,-0.0066805761307478,0,
00:00:02.784,0.00120386970229447,0.00191613368224353,0.0131260342895985,0,
00:00:02.788,0.0123905055224895,0.0121692568063736,0.00442242436110973,0,
00:00:02.792,0.0222940258681774,0.00224015908315778,-0.0207574926316738,0,
00:00:02.796,-0.020180705934763,-0.00840584374964237,-7.48452584957704E-05,0,
00:00:02.8,-0.00851339846849442,0.000379694800358266,0.0086726788431406,0,
00:00:02.804,-0.00389793678186834,-0.0105752786621451,-0.00514826085418463,0,
00:00:02.808,-0.0027274249587208,0.00397876091301441,0.0010652708588168,0,
00:00:02.812,0.0224978681653738,0.00827364809811115,-0.00229800376109779,0,
00:00:02.816,-0.00271549914032221,0.00129515398293734,-0.0139152305200696,0,
00:00:02.82,-0.0320131927728653,-0.00392803782597184,0.0249829180538654,0,
00:00:02.824,0.00513102672994137,-0.000330301932990551,0.0146678164601326,0,
00:00:02.828,0.0726876854896545,0.00233035604469478,-0.00787091441452503,0,
00:00:02.832,-0.0513103902339935,-0.00201372592709959,-0.0113788126036525,0,
00:00:02.836,-0.0273224078118801,0.000145002515637316,-0.0172310881316662,0,
00:00:02.84,0.00547521887347102,-0.00658194767311215,-0.00789826735854149,0,
00:00:02.844,0.0159701220691204,0.00305004464462399,0.0222208704799414,0,
00:00:02.848,0.00385582260787487,0.00836995895951986,0.0107160732150078,0,
00:00:02.852,-0.00533031253144145,-0.00609630020335317,0.00409889128059149,0,
00:00:02.856,0.00620917836204171,0.00441081030294299,-0.0157475955784321,0,
00:00:02.86,0.0151470182463527,-0.00472617987543345,-0.0156659316271544,0,
00:00:02.864,0.00660959305241704,-0.000843422836624086,0.0111643979325891,0,
00:00:02.868,-0.0440865568816662,0.00500356778502464,0.0243306327611208,0,
00:00:02.872,-0.0167180560529232,-0.00700654415413737,-0.014120158739388,0,
00:00:02.876,0.0335236117243767,0.00130410923156887,-0.00066370441345498,0,
00:00:02.88,0.0516405552625656,-0.00115586188621819,-0.0200594961643219,0,
00:00:02.884,-0.0462697818875313,0.0119229545816779,0.00400241697207093,0,
00:00:02.888,-0.0182291511446238,-0.00264191441237926,0.025726068764925,0,
00:00:02.892,-0.0323739312589169,-0.00561375170946121,0.000656682183034718,0,
00:00:02.896,0.106924839317799,-0.00337947905063629,-0.0132785243913531,0,
00:00:02.9,-0.0284325461834669,-0.00229612272232771,-0.012958625331521,0,
00:00:02.904,-0.0622228495776653,0.00162793474737555,0.00541690085083246,0,
00:00:02.908,-0.00584703544154763,0.00565860280767083,0.0161837227642536,0,
00:00:02.912,0.0185544770210981,0.00724118109792471,-0.00805051531642675,0,
00:00:02.916,0.0349709540605545,-0.000240358131122775,-0.00714030489325523,0,
00:00:02.92,0.0099428528919816,-0.0158432442694902,0.00592331076040864,0,
00:00:02.924,-0.0142239481210709,-0.0021805118303746,0.00855094380676746,0,
00:00:02.928,-0.0142263397574425,0.00904126092791557,-0.00207208259962499,0,
00:00:02.932,0.00230676587671041,0.00394403235986829,-0.0206459145992994,0,
00:00:02.936,0.00810947082936764,0.00218590022996068,0.00687577854841948,0,
00:00:02.94,-0.0218047685921192,-0.0078797796741128,-0.000456332607427612,0,
00:00:02.944,0.00635095220059156,0.00248634815216064,0.0182631425559521,0,
00:00:02.948,-0.00721456995233893,0.0021148519590497,0.000681991456076503,0,
00:00:02.952,0.0259723532944918,-0.00462478445842862,-0.0148202488198876,0,
00:00:02.956,-0.00454980228096247,-6.55682288197568E-06,0.0159485787153244,0,
00:00:02.96,0.00278839166276157,-0.000547127623576671,-0.0145588740706444,0,
00:00:02.964,-0.0186069626361132,0.005373140797019,-0.00860855262726545,0,
00:00:02.968,0.00789180397987366,0.00223897187970579,0.0028531588613987,0,
00:00:02.972,-0.004905398003757,-0.00573710678145289,-0.00217096111737192,0,
00:00:02.976,0.0352188646793365,-0.00537202134728432,0.0269951540976763,0,
00:00:02.98,-0.00775977643206716,0.0151372831314802,-0.0141426688060164,0,
00:00:02.984,-0.0358193516731262,-0.00747390417382121,-0.00188377639278769,0,
00:00:02.988,-0.0454082041978836,-0.00719713931903243,5.63154708288494E-06,0,
00:00:02.992,0.0681132152676582,0.00119525415357202,-0.00906370393931866,0,
00:00:02.996,0.00310272676870227,0.00371121126227081,0.00464553665369749,0,
00:00:03,0.012004024349153,0.00282924366183579,0.00155239808373153,0,
00:00:03.004,-0.0194133426994085,-0.0012326881987974,0.00828909501433373,0,
00:00:03.008,-0.00199157488532364,0.00331363547593355,0.012721186503768,0,
00:00:03.012,-0.00915917381644249,0.000404100748710334,-0.0135151520371437,0,
00:00:03.016,-0.00695466855540872,-0.00661231018602848,-0.0219991914927959,0,
00:00:03.02,-0.00675749778747559,-0.00530650839209557,-0.00715740956366062,0,
00:00:03.024,0.0543361343443394,0.00949159637093544,0.0281371250748634,0,
00:00:03.028,-0.0216408334672451,0.00530702201649547,0.00141472008544952,0,
00:00:03.032,-0.0221534576267004,-0.00989192072302103,-0.00180930702481419,0,
00:00:03.036,0.0150497667491436,-0.00530534936115146,-0.00618725968524814,0,
00:00:03.04,-0.0126555040478706,0.01232969481498,0.0171211417764425,0,
00:00:03.044,0.00452630780637264,-0.00247218552976847,-0.0132573377341032,0,
00:00:03.048,-0.00669716205447912,-0.00156029127538204,-0.0176254902034998,0,
00:00:03.052,0.0221072006970644,-0.00282745785079896,0.0232820212841034,0,
00:00:03.056,-0.00982523243874311,0.00182717188727111,-0.00927830394357443,0,
00:00:03.06,0.00182190001942217,0.00390348630025983,-0.0137336617335677,0,
00:00:03.064,0.00679491134360433,-0.00152779335621744,0.0198733080178499,0,
00:00:03.068,-0.00833875499665737,-0.000213815554161556,0.0141617394983768,0,
00:00:03.072,-0.0248007345944643,-0.0072651500813663,-0.0150417536497116,0,
00:00:03.076,-0.00753322103992105,0.00456028431653976,0.00405516708269715,0,
00:00:03.08,0.0664186775684357,0.00199819705449045,-0.0177993476390839,0,
00:00:03.084,-0.0136853698641062,0.00249232118949294,-0.00774422287940979,0,
00:00:03.088,-0.0222163926810026,-0.00442906329408288,0.00339097040705383,0,
00:00:03.092,-0.0109331961721182,-0.00232092523947358,0.0192030183970928,0,
00:00:03.096,0.0135987512767315,0.00509018218144774,0.0127681260928512,0,
00:00:03.1,-0.0257105175405741,0.000528783712070435,-0.00761646218597889,0,
00:00:03.104,-0.00653652474284172,-0.00329728983342648,-0.00170541205443442,0,
00:00:03.108,0.0315133221447468,0.00278766523115337,-0.015216319821775,0,
00:00:03.112,0.00278847641311586,-0.000928076275158674,-0.000380511395633221,0,
00:00:03.116,0.049731258302927,-0.00138179119676352,-0.00629815878346562,0,
00:00:03.12,-0.0251288749277592,-0.000581546279136091,0.00517933536320925,0,
00:00:03.124,-0.0453986302018166,0.000260481116129085,0.0197635926306248,0,
00:00:03.128,-0.0247740242630243,0.00272147287614644,0.0115361344069242,0,
00:00:03.132,0.0128844156861305,-0.00348128867335618,-0.0161909982562065,0,
00:00:03.136,0.0169745199382305,-0.00148413551505655,-0.02925194054842,0,
00:00:03.14,0.0204677060246468,0.00546678155660629,0.0240676086395979,0,
00:00:03.144,0.0136271612718701,-0.00160535739269108,0.00388122745789588,0,
00:00:03.148,0.0184078384190798,0.000470584898721427,0.00514046009629965,0,
00:00:03.152,-0.0441887713968754,-0.00198537087999284,-0.0175266992300749,0,
00:00:03.156,-0.014738904312253,0.0055451737716794,-0.00606182357296348,0,
00:00:03.16,-0.0130001092329621,-0.00308708613738418,0.00884397607296705,0,
00:00:03.164,0.0257909204810858,-0.00569731555879116,0.0169658269733191,0,
00:00:03.168,0.0357716530561447,0.00276716006919742,-0.0109562193974853,0,
00:00:03.172,-0.040579691529274,0.00263691926375031,0.00177096191328019,0,
00:00:03.176,0.00573466951027513,-0.00582214212045074,-0.0035230191424489,0,
00:00:03.18,0.00936575885862112,0.00481469603255391,-0.0109060257673264,0,
00:00:03.184,-0.0257630944252014,0.00360236805863678,0.00565921235829592,0,
00:00:03.188,0.00208128127269447,-0.00639127474278212,0.0162344332784414,0,
00:00:03.192,0.045831710100174,0.0055650295689702,0.00230739801190794,0,
00:00:03.196,-0.02060173638165,-0.00578132830560207,-0.0234613381326199,0,
00:00:03.2,0.0154097760096192,0.00356951216235757,0.00946815963834524,0,
00:00:03.204,-0.031905684620142,0.00239784899167717,-0.00207625003531575,0,
00:00:03.208,-0.022481631487608,-0.000691544788423926,0.00739070679992437,0,
00:00:03.212,0.035785373300314,-0.0105817830190063,0.00455140834674239,0,
00:00:03.216,-0.00984618719667196,0.00591350346803665,-0.0154634518548846,0,
00:00:03.22,0.0209282040596008,0.00168480537831783,-0.0132439909502864,0,
00:00:03.224,0.000629782094620168,0.00512899272143841,0.0309245716780424,0,
00:00:03.228,-0.0226863790303469,0.000968851905781776,0.0023874775506556,0,
00:00:03.232,-0.00712539441883564,-0.00692234979942441,-0.0230282917618752,0,
00:00:03.236,0.012470074929297,0.000281828019069508,0.0117363827303052,0,
00:00:03.24,-0.00407593231648207,-0.00527256028726697,0.00612797634676099,0,
00:00:03.244,0.00761143770068884,0.0080461036413908,-0.0128655694425106,0,
00:00:03.248,-0.00979779101908207,-0.00173634046223015,-0.000515430583618581,0,
00:00:03.252,-0.00985870603471994,0.00237087532877922,-0.00109600368887186,0,
00:00:03.256,0.0707680881023407,-0.00571345537900925,0.000285470741800964,0,
00:00:03.26,-0.024066923186183,0.0043454235419631,0.00804577488452196,0,
00:00:03.264,-0.04906040802598,0.00282579474151134,0.00063500483520329,0,
00:00:03.268,-0.0306356959044933,-0.00284606986679137,0.0138349737972021,0,
00:00:03.272,0.0243644006550312,-0.00480621913447976,-0.00808790605515242,0,
00:00:03.276,0.0441294834017754,-0.000888597744051367,-0.0280804447829723,0,
00:00:03.28,0.0176314283162355,0.00443284492939711,0.0054818051867187,0,
00:00:03.284,-0.0179115533828735,0.00110367871820927,0.0215844865888357,0,
00:00:03.288,-0.0212366580963135,0.00856449082493782,0.00698366109281778,0,
00:00:03.292,-0.00875462591648102,-0.00373741146177053,-0.0174618680030108,0,
00:00:03.296,-0.00553489476442337,-0.010695131495595,0.0132026700302958,0,
00:00:03.3,0.00298336823470891,-0.00846847519278526,-0.0170523021370173,0,
00:00:03.304,0.0288579370826483,0.0107539594173431,-0.00532808061689138,0,
00:00:03.308,-0.00975779909640551,0.0110673001036048,0.0102887842804193,0,
00:00:03.312,-0.00987719930708408,-0.00650557782500982,0.00127727584913373,0,
00:00:03.316,-0.000831676239613444,0.000729233783204108,-0.00165057543199509,0,
00:00:03.32,0.0403414182364941,-0.00211453041993082,0.00509424367919564,0,
00:00:03.324,-0.0343685932457447,0.000232619335292839,0.00896802823990583,0,
00:00:03.328,-0.00497354567050934,-0.000429090898251161,-0.00907835084944963,0,
00:00:03.332,-0.0252302847802639,-0.00928524229675531,-0.00184902630280703,0,
00:00:03.336,0.0560492053627968,0.00506448280066252,-0.00770616810768843,0,
00:00:03.34,-0.0352852232754231,0.00635131960734725,-0.0123608289286494,0,
00:00:03.344,-0.0223052371293306,0.000625236483756453,0.021834421902895,0,
00:00:03.348,0.081005834043026,0.00722298352047801,0.0118866683915257,0,
00:00:03.352,-0.0355537496507168,-0.00488697644323111,-0.0120679102838039,0,
00:00:03.356,-0.0417821146547794,-0.0174334421753883,0.00738752540200949,0,
00:00:03.36,0.0109272403642535,0.00376876536756754,-0.0288677923381329,0,
00:00:03.364,0.0214116014540195,0.0122201144695282,0.0200424585491419,0,
00:00:03.368,-0.0167311541736126,0.000941699196118861,0.0144098084419966,0,
00:00:03.372,0.0462089963257313,-0.00495447916910052,-0.0101992469280958,0,
00:00:03.376,-0.0169754140079021,-0.000742125848773867,-0.0258727334439754,0,
00:00:03.38,-0.00916746445000172,0.00465681264176965,0.00971111468970776,0,
00:00:03.384,-0.0529435761272907,-0.00347365811467171,0.0203023999929428,0,
00:00:03.388,0.0468273535370827,-0.00731741543859243,-0.0076539576984942,0,
00:00:03.392,0.0203558038920164,0.00552907725796103,0.0056772455573082,0,
00:00:03.396,-0.0287211611866951,0.00486546475440264,-0.0115616638213396,0,
00:00:03.4,0.00540977157652378,-0.00340922735631466,-0.00958884321153164,0,
00:00:03.404,0.0114671122282743,-0.00027595431311056,0.0216328129172325,0,
00:00:03.408,-0.0199306383728981,-0.00158623512834311,0.00858786981552839,0,
00:00:03.412,-0.0124153420329094,0.00225392868742347,-0.0137014454230666,0,
00:00:03.416,0.0153848482295871,0.00361989345401526,-0.0132392635568976,0,
00:00:03.42,0.0476550199091434,-0.0062441979534924,-8.90262963366695E-05,0,
00:00:03.424,-0.0208402667194605,0.00327258789911866,0.00819854997098446,0,
00:00:03.428,-0.0296040959656239,-1.82210169441532E-05,0.0187820233404636,0,
00:00:03.432,-0.0119056291878223,0.00102756929118186,-0.0123173119500279,0,
00:00:03.436,0.0200101472437382,-0.000706068472936749,-0.0243356674909592,0,
00:00:03.44,-0.00317002763040364,-0.00585984345525503,0.00721080508083105,0,
00:00:03.444,0.025963056832552,0.00255824322812259,0.0371019765734673,0,
00:00:03.448,-0.0296191908419132,-0.00126113824080676,-0.0107465609908104,0,
00:00:03.452,0.0150928618386388,-0.00140814599581063,-0.0213029161095619,0,
00:00:03.456,-0.022498045116663,0.0105147277936339,-0.00614227587357163,0,
00:00:03.46,0.0116153405979276,-0.00210117665119469,0.00505632627755404,0,
00:00:03.464,0.00413506338372827,-0.00177205831278116,0.0271747708320618,0,
00:00:03.468,0.0193809643387794,0.00242527201771736,-0.0137706240639091,0,
00:00:03.472,0.00884657632559538,-0.00310008483938873,0.00331116700544953,0,
00:00:03.476,-0.042853519320488,-0.011926875449717,-0.0178345944732428,0,
00:00:03.48,-0.00434751994907856,0.00209173560142517,0.00113800494000316,0,
00:00:03.484,0.00381485978141427,0.00897599849849939,-0.00193290039896965,0,
00:00:03.488,0.0288692470639944,0.0097615784034133,0.0127666583284736,0,
00:00:03.492,-0.0266046430915594,-0.00370800006203353,0.00804068055003881,0,
00:00:03.496,0.0162848345935345,-0.0042959856800735,-0.0149325309321284,0,
00:00:03.5,0.00480650132521987,-0.00796933006495237,0.000134996196720749,0,
00:00:03.504,0.0112804360687733,-0.00221985089592636,0.0344650596380234,0,
00:00:03.508,-0.0213950332254171,0.00933336839079857,-0.017121272161603,0,
00:00:03.512,-0.000711824686732143,-0.00114492897409946,-0.0342030338943005,0,
00:00:03.516,-0.0265119913965464,-0.00361658586189151,0.00710347900167108,0,
00:00:03.52,0.0637039542198181,0.00437141070142388,0.00564035819843411,0,
00:00:03.524,-0.00939113646745682,0.00726315006613731,0.0134031334891915,0,
00:00:03.528,-0.0202146247029305,-3.95848383050179E-06,0.0146738272160292,0,
00:00:03.532,-0.0475792922079563,-0.0136402333155274,-0.00983207393437624,0,
00:00:03.536,0.0257464572787285,7.63267325964989E-06,-0.0249669160693884,0,
00:00:03.54,0.00124287896323949,-0.000730851199477911,-0.00463505880907178,0,
00:00:03.544,0.0181220397353172,0.00857452675700188,0.0289397928863764,0,
00:00:03.548,0.0301056168973446,-0.00212136330083013,0.00806089304387569,0,
00:00:03.552,-0.00941481254994869,4.7116685891524E-05,-0.0122186411172152,0,
00:00:03.556,-0.0212777853012085,-0.00164577760733664,-0.0124694798141718,0,
00:00:03.56,-0.0133788464590907,-1.95809352590004E-05,0.00153383077122271,0,
00:00:03.564,0.0046046650968492,0.00330726895481348,0.00303150387480855,0,
00:00:03.568,-0.00832084100693464,0.00759251089766622,0.00769174890592694,0,
00:00:03.572,0.0249303933233023,-0.00694366311654449,0.00263558002188802,0,
00:00:03.576,-0.0341076701879501,-0.0069348057731986,-0.00244629010558128,0,
00:00:03.58,0.0535419695079327,-0.00421442091464996,-0.0208522416651249,0,
00:00:03.584,0.0042003826238215,0.00393418036401272,0.00850840285420418,0,
00:00:03.588,-0.0452507771551609,0.000930192472878844,0.0307392235845327,0,
00:00:03.592,-0.0146031500771642,0.0130329336971045,-0.00191056355834007,0,
00:00:03.596,0.01645284332335,-0.00459588086232543,-0.0262161400169134,0,
00:00:03.6,0.018411323428154,-0.00622314726933837,-0.021023616194725,0,
00:00:03.604,0.0123225199058652,0.00371638545766473,0.00798029825091362,0,
00:00:03.608,-0.0436907298862934,-0.00699565839022398,0.0119732469320297,0,
00:00:03.612,0.0162915959954262,-0.000529348384588957,0.0155124003067613,0,
00:00:03.616,0.0359508320689201,0.0051486068405211,0.0249632205814123,0,
00:00:03.62,0.00575207825750113,0.00970982760190964,-0.0189372058957815,0,
00:00:03.624,-0.0546128004789352,-0.00776807824149728,-0.0264639649540186,0,
00:00:03.628,-0.0134474020451307,-0.00271219410933554,-0.0059924004599452,0,
00:00:03.632,0.0209116116166115,-0.00508692348375916,0.00383128901012242,0,
00:00:03.636,0.00750755425542593,0.00174905930180103,0.00274768867529929,0,
00:00:03.64,0.012973215430975,0.0035494442563504,0.0264289584010839,0,
00:00:03.644,-0.000256889499723911,-0.00372535758651793,0.000968632753938437,0,
00:00:03.648,0.0285191815346479,0.0169309843331575,-0.0139102442190051,0,
00:00:03.652,-0.0253562517464161,-0.00572915468364954,-0.0327940098941326,0,
00:00:03.656,-0.0316470861434937,-0.0130886016413569,0.0470566339790821,0,
00:00:03.66,0.00837498437613249,-0.00459649227559567,0.00670137722045183,0,
00:00:03.664,-0.00212302152067423,0.0059029832482338,-0.0220407303422689,0,
00:00:03.668,0.00862198602408171,0.00899498909711838,-0.0184290688484907,0,
00:00:03.672,0.0115338191390038,0.00983185786753893,-0.0105634164065123,0,
00:00:03.676,0.00913356710225344,-0.00573377404361963,0.0211614947766066,0,
00:00:03.68,-0.0121141634881496,-0.0152893606573343,0.0201486498117447,0,
00:00:03.684,-0.00676235323771834,-0.00387099361978471,-0.00146525306627154,0,
00:00:03.688,0.0140874115750194,0.0102978413924575,-0.00763185461983085,0,
00:00:03.692,-0.0067339725792408,0.000409368571126834,-0.0103347208350897,0,
00:00:03.696,-0.0122990645468235,-0.000461356772575527,0.00361744943074882,0,
00:00:03.7,-0.00710512232035398,0.00271660927683115,0.00613532355055213,0,
00:00:03.704,0.0238077566027641,0.00745446886867285,-0.00325211184099317,0,
00:00:03.708,-0.000853024481330067,-0.0109064057469368,-0.00131556077394634,0,
00:00:03.712,-0.0287781003862619,-0.00274712615646422,0.00761908013373613,0,
00:00:03.716,-0.00252582179382443,-0.00289856712333858,-0.0206108801066875,0,
00:00:03.72,0.118754841387272,0.012440568767488,0.0199508164077997,0,
00:00:03.724,-0.0754840672016144,-0.00517981825396419,-0.00222007487900555,0,
00:00:03.728,-0.0601619519293308,-0.000141129203257151,-0.0252103041857481,0,
00:00:03.732,-0.0134298335760832,0.00483625289052725,0.0185155533254147,0,
00:00:03.736,0.0604908429086208,0.000323845684761181,0.00941841490566731,0,
00:00:03.74,0.00357013195753098,-0.0118238814175129,0.00727334106341004,0,
00:00:03.744,-0.00912234280258417,-0.00440753204748034,-0.0116261458024383,0,
00:00:03.748,-0.00522359181195498,0.0102894576266408,-0.00944609194993973,0,
00:00:03.752,0.0113082593306899,0.0136731425300241,0.00443849200382829,0,
00:00:03.756,0.0210251566022635,-0.00944087281823158,-0.00432285806164145,0,
00:00:03.76,-0.00555483577772975,-0.0151325650513172,-0.0166623964905739,0,
00:00:03.764,-0.0322633311152458,0.0102645447477698,0.0491238534450531,0,
00:00:03.768,-0.00975868757814169,0.0044211195781827,-0.00342735811136663,0,
00:00:03.772,0.00325664551928639,0.000311763113131747,-0.0165541879832745,0,
00:00:03.776,0.0105105489492416,-0.00370742357335985,-0.0326336324214935,0,
00:00:03.78,-0.000310095929307863,0.00224226992577314,0.00223527220077813,0,
00:00:03.784,0.0295069422572851,0.000704194128047675,0.0355752967298031,0,
00:00:03.788,-0.0100715961307287,-0.00770498299971223,0.00180999701842666,0,
00:00:03.792,-0.0101777845993638,-0.000306726054986939,0.000277758605079725,0,
00:00:03.796,0.00422360794618726,0.00759101845324039,-0.0188148524612188,0,
00:00:03.8,-0.0196572598069906,0.00168979191221297,-0.0111834881827235,0,
00:00:03.804,0.0034397526178509,-0.00144194532185793,0.020026832818985,0,
00:00:03.808,0.0167586728930473,-0.00423756148666143,0.00742256594821811,0,
00:00:03.812,-0.00454993965104222,0.00260124425403774,-0.0154989650472999,0,
00:00:03.816,-0.00792093854397535,0.00347918807528913,0.00701192626729608,0,
00:00:03.82,0.00481451209634542,-0.00701728509739041,-0.00789074599742889,0,
00:00:03.824,0.0145322857424617,-0.00158252823166549,0.00348490849137306,0,
00:00:03.828,-0.00753153814002872,0.00168351526372135,0.00428950041532516,0,
00:00:03.832,-0.037382822483778,0.00456599565222859,-0.00680501526221633,0,
00:00:03.836,0.0206856559962034,-0.0023650242947042,0.0192901324480772,0,
00:00:03.84,0.0286888685077429,-0.00134955148678273,-0.00317726796492934,0,
00:00:03.844,-0.0096662500873208,0.00701816519722342,-0.0188650321215391,0,
00:00:03.848,0.000363332394044846,-0.00427220389246941,-0.00227126968093216,0,
00:00:03.852,-0.0198510102927685,-0.00581539329141378,-0.00606997078284621,0,
00:00:03.856,0.00129735469818115,0.00785260461270809,0.0106196021661162,0,
00:00:03.86,0.00963924918323755,-0.000304534216411412,0.0253366362303495,0,
00:00:03.864,0.0121543714776635,-0.0024680127389729,-0.0136254988610744,0,
00:00:03.868,-0.0099851805716753,-0.00381195056252182,-0.013572059571743,0,
00:00:03.872,-0.0230133663862944,0.00376797397620976,0.0157203115522861,0,
00:00:03.876,0.0189306847751141,0.000393444672226906,-0.00661796610802412,0,
00:00:03.88,0.0157038476318121,-0.00463994406163692,-0.0222738459706306,0,
00:00:03.884,0.0366557575762272,0.0098273353651166,0.0180146619677544,0,
00:00:03.888,-0.0563903525471687,-0.00472475495189428,0.0125547340139747,0,
00:00:03.892,-0.0341499969363213,-0.000323597982060164,-0.00118500518146902,0,
00:00:03.896,0.00862480234354734,-0.0023425982799381,-0.0230525210499763,0,
00:00:03.9,0.0191603749990463,0.00326120341196656,0.0101559413596988,0,
00:00:03.904,0.0289775338023901,-0.00316669978201389,0.0191651713103056,0,
00:00:03.908,0.0166314020752907,-0.00805608183145523,-0.00978307798504829,0,
00:00:03.912,-0.0282801873981953,0.00464519578963518,-0.0173706226050854,0,
00:00:03.916,-0.0165158417075872,0.00691512320190668,0.00439781369641423,0,
00:00:03.92,0.0149976909160614,0.0101019404828548,0.0183683894574642,0,
00:00:03.924,-0.0150722498074174,-0.00187845213804394,-0.00768670020624995,0,
00:00:03.928,0.00288136466406286,-0.0135028762742877,-0.0106351561844349,0,
00:00:03.932,0.0309654008597136,-0.000599703926127404,-0.00213781022466719,0,
00:00:03.936,-0.015843141824007,8.31679717521183E-05,0.00469967536628246,0,
00:00:03.94,-0.00221422826871276,0.00341173144988716,0.0290885791182518,0,
00:00:03.944,-0.0469926707446575,-0.0022346677724272,-0.0261470191180706,0,
00:00:03.948,0.0491040013730526,0.00173756259027869,-0.00353819131851196,0,
00:00:03.952,0.0151988277211785,0.00618195766583085,-0.00337415421381593,0,
00:00:03.956,-0.0189793687313795,-0.00518955895677209,0.00852859020233154,0,
00:00:03.96,-0.0139581430703402,-0.00375606818124652,0.00152544665616006,0,
00:00:03.964,0.00348714203573763,0.000245012779487297,0.00392473954707384,0,
00:00:03.968,0.0180751234292984,0.00877253245562315,-0.00633472763001919,0,
00:00:03.972,0.00557399215176702,-0.00134342222008854,0.00477532623335719,0,
00:00:03.976,-0.025609390810132,-0.00576799549162388,0.00148538709618151,0,
00:00:03.98,-0.00960091780871153,-0.00043334040674381,-0.00707426574081182,0,
00:00:03.984,0.0170270297676325,-0.000773680745624006,-0.0002014075871557,0,
00:00:03.988,0.0234859976917505,0.0031802284065634,-0.0117592327296734,0,
00:00:03.992,-0.0164523404091597,0.00420822948217392,0.00376508943736553,0,
00:00:03.996,-0.00424834387376904,0.000138740477268584,0.0156138734892011,0,
00:00:04,-0.0120850652456284,-0.00695202499628067,0.0117229614406824,0,
00:00:04.004,-0.007986712269485,-0.00331899127922952,-0.0106286350637674,0,
00:00:04.008,0.0213467814028263,0.00348416878841817,-0.00258077494800091,0,
00:00:04.012,0.0350095815956593,0.0077920132316649,-0.0242614708840847,0,
00:00:04.016,-0.0303823407739401,-0.00251633580774069,0.00746960053220391,0,
00:00:04.02,-0.0197023712098598,-0.00388778815977275,0.0261529292911291,0,
00:00:04.024,0.000741642143111676,-0.00599430967122316,-0.00166276062373072,0,
00:00:04.028,-0.000954624498263001,0.00641727913171053,-0.00932232197374105,0,
00:00:04.032,0.0164001509547234,0.00486850924789906,-0.00900853238999844,0,
00:00:04.036,0.00531443348154426,0.000202475144760683,-0.00602815998718143,0,
00:00:04.04,-0.0139367608353496,-0.0110446512699127,0.0200021099299192,0,
00:00:04.044,0.0140616204589605,0.000725360645446926,-0.00356498546898365,0,
00:00:04.048,-0.00165091571398079,0.0109661426395178,-0.0061569232493639,0,
00:00:04.052,0.0130855720490217,0.00207969360053539,-0.0082836477085948,0,
00:00:04.056,-0.0299696698784828,-0.00561221269890666,0.0180091913789511,0,
00:00:04.06,-0.00560272997245193,-0.00684154545888305,0.0083588408306241,0,
00:00:04.064,0.0105857960879803,0.00273285154253244,-0.0258691366761923,0,
00:00:04.068,0.0109818940982223,0.00107886525802314,-0.00753633491694927,0,
00:00:04.072,-0.0140451248735189,-0.00121012411545962,0.0280737262219191,0,
00:00:04.076,-0.0129905994981527,0.00272490130737424,0.00230170856229961,0,
00:00:04.08,0.0313663221895695,0.00414318731054664,-0.0141929853707552,0,
00:00:04.084,0.0300737898796797,0.00030350498855114,-0.00412635644897819,0,
00:00:04.088,-0.0439217574894428,-0.0088693043217063,-0.00081402959767729,0,
00:00:04.092,0.0137442070990801,0.0028381694573909,0.0152819603681564,0,
00:00:04.096,-0.018931744620204,0.00108314678072929,-0.0121483048424125,0,
00:00:04.1,-0.00693398108705878,0.000390647823223844,-0.00745703279972076,0,
00:00:04.104,-0.00223746686242521,0.000118110510811675,0.0191640369594097,0,
00:00:04.108,0.0143984686583281,-3.78735194317414E-06,-0.00834660511463881,0,
00:00:04.112,0.0140759693458676,-0.00213804328814149,-0.000582118693273515,0,
00:00:04.116,-0.00475070206448436,-0.000180048344191164,-0.000979793025180697,0,
00:00:04.12,0.00288947578519583,0.00977783184498549,0.00246556266210973,0,
00:00:04.124,-0.00112319446634501,-0.00622127950191498,0.00334706925787032,0,
00:00:04.128,-0.00696587515994906,-0.00155072764027864,-0.00460223387926817,0,
00:00:04.132,-0.0176168847829103,-0.00480176275596023,0.00307263736613095,0,
00:00:04.136,0.0086964713409543,0.00139533099718392,-0.0140721825882792,0,
00:00:04.14,0.032503180205822,0.0050805383361876,0.00921669509261847,0,
00:00:04.144,-0.0100475093349814,-0.00194318138528615,6.46178668830544E-05,0,
00:00:04.148,-0.03188107162714,-0.00123470451217145,0.0236364398151636,0,
00:00:04.152,-0.0017552386270836,0.000689680164214224,-0.0152900004759431,0,
00:00:04.156,0.0201474893838167,0.00357314688153565,-0.0158187001943588,0,
00:00:04.16,0.0229566041380167,0.00533877033740282,-0.0148173766210675,0,
00:00:04.164,-0.0204708892852068,-0.00739751989021897,0.0169193278998137,0,
00:00:04.168,-0.0142480041831732,-0.00359893916174769,0.0349778719246387,0,
00:00:04.172,0.00306878425180912,0.00165623112116009,-0.00846378691494465,0,
00:00:04.176,0.00310876709409058,-0.0006215984467417,-0.033356923609972,0,
00:00:04.18,0.0109453722834587,6.17942932876758E-05,-0.010993299074471,0,
00:00:04.184,0.000214290994335897,0.00304124294780195,0.023537814617157,0,
00:00:04.188,-0.00108551443554461,-0.000815942184999585,0.0123400669544935,0,
00:00:04.192,-0.00484240753576159,-0.00506670726463199,-0.00360139296390116,0,
00:00:04.196,0.00326117733493447,0.00387452612631023,-0.0060887411236763,0,
00:00:04.2,-0.00603651162236929,0.00585055071860552,-0.00135904632043093,0,
00:00:04.204,-0.0157901644706726,-0.0010845388751477,0.00191169022582471,0,
00:00:04.208,0.0317815169692039,-0.000995133072137833,-0.00409821234643459,0,
00:00:04.212,-0.00645532226189971,-0.00427655270323157,0.0044289561919868,0,
00:00:04.216,-0.0106654604896903,-0.00439467886462808,-0.0128416763618588,0,
00:00:04.22,0.00660973601043224,0.00239019631408155,0.0118983667343855,0,
00:00:04.224,-0.0051139909774065,0.00147189700510353,0.0105136223137379,0,
00:00:04.228,-0.00108331441879272,0.0081920437514782,-0.0110092423856258,0,
00:00:04.232,0.00547285797074437,-8.77368147484958E-05,-0.0101565569639206,0,
00:00:04.236,-0.0103479782119393,-0.0102792214602232,0.00820729788392782,0,
00:00:04.24,0.00591324595734477,-0.000147891245433129,0.00476167816668749,0,
00:00:04.244,0.0106868986040354,0.00295134144835174,0.000595200806856155,0,
00:00:04.248,-0.00612040515989065,0.00243813567794859,-0.00186742341611534,0,
00:00:04.252,0.000754544395022094,0.00287216575816274,0.00395087199285626,0,
00:00:04.256,-0.0231901034712791,-0.0045815915800631,-0.011462552472949,0,
00:00:04.26,0.0424733497202396,0.0013746969634667,-0.00323509844020009,0,
00:00:04.264,-0.00589175149798393,-0.00342576531693339,0.00329157011583447,0,
00:00:04.268,-0.0296600330621004,0.00101821217685938,0.0177422408014536,0,
00:00:04.272,-0.00323868100531399,0.00177103199530393,-0.0122567219659686,0,
00:00:04.276,0.0108053255826235,-0.00110903277527541,-0.00496383989229798,0,
00:00:04.28,0.0160460658371449,0.00194153864867985,0.000945795327425003,0,
00:00:04.284,-0.00849441532045603,0.00104394636582583,-0.00292254937812686,0,
00:00:04.288,0.0013674795627594,-0.000462666066596285,0.0232140589505434,0,
00:00:04.292,-0.00363421742804348,0.000870507443323731,-0.00379389547742903,0,
00:00:04.296,0.00203555449843407,-0.000955122814048082,-0.0259528458118439,0,
00:00:04.3,-0.00147886876948178,-0.00405923323705792,0.0118141379207373,0,
00:00:04.304,-0.00149887101724744,-0.00373795791529119,0.00162508198991418,0,
00:00:04.308,-0.00657838489860296,0.00103324826341122,0.00327833648771048,0,
00:00:04.312,0.012769659049809,0.0038749030791223,-0.00437418092042208,0,
00:00:04.316,-6.87958672642708E-05,0.00987144559621811,-0.00905486941337585,0,
00:00:04.32,-0.0182308182120323,-0.00014590987120755,-0.00191319570876658,0,
00:00:04.324,0.011004569940269,-0.00520524801686406,0.0130554819479585,0,
00:00:04.328,0.0149438017979264,-0.0114832259714603,0.0113029032945633,0,
00:00:04.332,0.0147693064063787,-0.0008188157225959,0.00503014214336872,0,
00:00:04.336,-0.0319260060787201,0.00711568258702755,0.0061805946752429,0,
00:00:04.34,-0.0221578106284142,0.0036327475681901,-0.0330708362162113,0,
00:00:04.344,0.0209254212677479,0.00766186416149139,-0.0164804384112358,0,
00:00:04.348,0.0110812894999981,-0.00192704051733017,0.00433937786146998,0,
00:00:04.352,8.65168040036224E-05,-0.00992610398679972,0.0187797266989946,0,
00:00:04.356,-0.0050930567085743,-0.00503946002572775,0.0177843701094389,0,
00:00:04.36,-0.0109043074771762,0.00129067886155099,0.00740664312615991,0,
00:00:04.364,0.0147134121507406,0.00648837862536311,-0.013839571736753,0,
00:00:04.368,0.0067860558629036,0.00620182976126671,-0.0263965260237455,0,
00:00:04.372,-0.00445350026711822,0.000351292954292148,0.00185755093116313,0,
00:00:04.376,-0.00867273937910795,-0.00787182617932558,0.0157084353268147,0,
00:00:04.38,-0.0020390332210809,-0.000318769365549088,0.0120003568008542,0,
00:00:04.384,0.0053426125086844,-0.00122700468637049,-0.00564810633659363,0,
00:00:04.388,-0.0143337957561016,0.000171344130649231,-0.00709487358108163,0,
00:00:04.392,-0.00229057273827493,-0.00075355009175837,-0.0113399010151625,0,
00:00:04.396,0.0531417019665241,0.00552589073777199,0.00667270040139556,0,
00:00:04.4,-0.0192401558160782,-0.00152773526497185,0.00691284844651818,0,
00:00:04.404,-0.0313270390033722,0.000611376890446991,0.0375234074890614,0,
00:00:04.408,-0.00345832784660161,0.00226166914217174,-0.0204893127083778,0,
00:00:04.412,0.00780386803671718,-0.00671936804428697,-0.0463524386286736,0,
00:00:04.416,0.00660427054390311,0.00143212836701423,-0.00177651701960713,0,
00:00:04.42,-0.00150144542567432,0.00869519636034966,0.0275470092892647,0,
00:00:04.424,0.0100042698904872,-0.00906381849199533,0.0115987015888095,0,
00:00:04.428,-0.00789039582014084,-0.00351468427106738,-0.00150546175427735,0,
00:00:04.432,-0.0075718960724771,0.00573013722896576,-0.0130371879786253,0,
00:00:04.436,0.0361085571348667,0.00374665530398488,0.000197326138732024,0,
00:00:04.44,0.0160700939595699,-0.00443555461242795,0.0113317500799894,0,
00:00:04.444,-0.0530023351311684,0.00141468073707074,0.00661855144426227,0,
00:00:04.448,-0.0258863344788551,-0.00128630932886153,-0.0158210080116987,0,
00:00:04.452,0.00466965138912201,0.00117457390297204,0.00783418491482735,0,
00:00:04.456,0.0219582207500935,-0.00391282280907035,-0.0175521019846201,0,
00:00:04.46,0.0251792762428522,0.00315939355641603,0.00486768549308181,0,
00:00:04.464,-0.00463636266067624,-0.00599111663177609,0.0256018973886967,0,
00:00:04.468,0.000133975074277259,0.00360204186290503,-0.00449999375268817,0,
00:00:04.472,-0.0117406193166971,0.0151726985350251,-0.0274174492806196,0,
00:00:04.476,0.0165034588426352,-0.00971915014088154,-0.00772497523576021,0,
00:00:04.48,-0.0268865432590246,-0.00895796343684196,0.0236294586211443,0,
00:00:04.484,0.0319485105574131,0.00887277256697416,0.029315585270524,0,
00:00:04.488,-0.0366409979760647,-0.00398993119597435,-0.0336474217474461,0,
00:00:04.492,-0.00557590834796429,0.000892753538209945,-0.0120760537683964,0,
00:00:04.496,0.00987336225807667,0.00692041451111436,0.00724223675206304,0,
00:00:04.5,0.00176934606861323,-0.0166681334376335,0.000661738740745932,0,
00:00:04.504,0.0253416206687689,2.23941788135562E-06,0.00790814217180014,0,
00:00:04.508,0.0135190701112151,0.01109161041677,0.0201612375676632,0,
00:00:04.512,-0.0334276258945465,0.00253543467260897,-0.013142635114491,0,
00:00:04.516,-0.00735194515436888,0.00356806558556855,-0.0164378825575113,0,
00:00:04.52,0.00808053836226463,-0.00528893433511257,-0.00511064752936363,0,
00:00:04.524,-0.0102971522137523,-0.00235170451924205,0.0213987231254578,0,
00:00:04.528,0.00626544049009681,-0.00299710687249899,-0.00977977085858583,0,
00:00:04.532,0.0328625552356243,0.00188707781489938,-0.00523286126554012,0,
00:00:04.536,-0.0239215828478336,0.00409033242613077,0.00187588820699602,0,
00:00:04.54,0.0192026514559984,0.00079186144284904,0.0154651664197445,0,
00:00:04.544,-0.0390993915498257,-0.00404028501361609,0.00258361245505512,0,
00:00:04.548,-0.00565282022580504,0.00152052973862737,-0.0148070873692632,0,
00:00:04.552,0.0495475083589554,-0.00596928922459483,-0.0107809975743294,0,
00:00:04.556,-0.0478399731218815,-0.00583882629871368,0.00102123734541237,0,
00:00:04.56,0.00867368094623089,0.0111345797777176,0.032855898141861,0,
00:00:04.564,0.0582076720893383,0.00793325062841177,-0.00748968031257391,0,
00:00:04.568,-0.0403365567326546,-0.00181223044637591,-0.0217421427369118,0,
00:00:04.572,-0.0189857520163059,-0.00469095073640347,-0.00724459765478969,0,
00:00:04.576,-0.0032283638138324,-0.00360587565228343,0.0108662974089384,0,
00:00:04.58,0.00158363673835993,0.000866630172822624,-0.00325779058039188,0,
00:00:04.584,0.0162524431943893,-0.0053942003287375,0.00787196308374405,0,
00:00:04.588,0.0199698600918055,0.00590852554887533,0.00459610391408205,0,
00:00:04.592,-0.0081209409981966,0.00243306648917496,0.0137698389589787,0,
00:00:04.596,-0.00354303186759353,-0.00608155364170671,-0.0089589012786746,0,
00:00:04.6,-0.00787633005529642,0.011228347197175,-0.00794039200991392,0,
00:00:04.604,-0.00821322482079268,0.00211422075517476,-0.0124294087290764,0,
00:00:04.608,-0.00194447592366487,-0.00897361058741808,-0.00512840365990996,0,
00:00:04.612,-0.00077960139606148,-0.00853754952549934,0.00112680508755147,0,
00:00:04.616,-0.00963215902447701,-0.000785111973527819,0.0279832519590855,0,
00:00:04.62,0.0559935607016087,0.000589063623920083,-0.0011008121073246,0,
00:00:04.624,-0.0298274755477905,0.0179119743406773,-0.000342585437465459,0,
00:00:04.628,-0.0180528070777655,0.000827537733130157,-0.0142914913594723,0,
00:00:04.632,0.0422787182033062,-0.00582124385982752,-0.00412890501320362,0,
00:00:04.636,-0.0354053676128387,-0.00573821645230055,-0.00924400053918362,0,
00:00:04.64,-0.0443463772535324,0.00140774680767208,0.00659298989921808,0,
00:00:04.644,0.0409646704792976,-0.00989357847720385,0.0250302497297525,0,
00:00:04.648,0.0409841723740101,0.00247893016785383,-0.00700003281235695,0,
00:00:04.652,-0.0339872390031815,0.0106263104826212,-0.0166992768645287,0,
00:00:04.656,0.00072917144279927,0.00097159796860069,0.0223117079585791,0,
00:00:04.66,0.0160361621528864,0.0064190374687314,-0.00704150646924973,0,
00:00:04.664,-0.0046359421685338,-0.0138652073219419,-0.0199186466634274,0,
00:00:04.668,-0.031909640878439,0.00065262260613963,-0.00194842473138124,0,
00:00:04.672,0.0178995784372091,0.0027072224766016,0.00971669889986515,0,
00:00:04.676,0.0315752923488617,-0.00112314743455499,0.00883430149406195,0,
00:00:04.68,-0.042464155703783,-0.00287457508966327,0.00544999912381172,0,
00:00:04.684,-0.0127631574869156,0.00028841313906014,0.0048279445618391,0,
00:00:04.688,0.0245959125459194,0.0108771910890937,-0.0152731835842133,0,
00:00:04.692,0.00744471419602633,-0.00318527617491782,-0.0225461032241583,0,
00:00:04.696,-0.00746024120599031,-0.0114235086366534,0.026522122323513,0,
00:00:04.7,0.00853863917291164,0.00754575012251735,-0.00391597906127572,0,
00:00:04.704,0.00890754815191031,-0.000640751386526972,0.0084560876712203,0,
00:00:04.708,0.0123085575178266,0.00118042156100273,0.000511721940711141,0,
00:00:04.712,-0.0541061870753765,0.00270332954823971,-0.0169310048222542,0,
00:00:04.716,0.00727037852630019,-0.00228313612751663,-0.00565824890509248,0,
00:00:04.72,0.0233649276196957,-0.00864773523062468,0.0396376438438892,0,
00:00:04.724,-0.00118240364827216,0.00920862425118685,-0.00057968235341832,0,
00:00:04.728,0.00887375418096781,0.0056626433506608,-0.0452525243163109,0,
00:00:04.732,-0.0328975431621075,-0.00559933297336102,-0.00174639327451587,0,
00:00:04.736,0.0305868685245514,-0.0135550852864981,0.0180490128695965,0,
00:00:04.74,0.0161752011626959,0.0106740426272154,0.0090084969997406,0,
00:00:04.744,-0.0252007581293583,0.00226359697990119,0.00225766096264124,0,
00:00:04.748,-0.0116323996335268,1.80825281859143E-05,0.00653665792196989,0,
00:00:04.752,0.0166846122592688,0.00808050204068422,-0.0296879485249519,0,
00:00:04.756,-0.00153523799963295,-0.0080250408500433,0.019062789157033,0,
00:00:04.76,-0.0272027794271708,-0.00877135153859854,0.00720989657565951,0,
00:00:04.764,0.0115107325837016,0.00728490110486746,-0.0112181697040796,0,
00:00:04.768,0.00800854805856943,-0.00325099471956491,0.00124851241707802,0,
00:00:04.772,0.0239407029002905,0.0094053978100419,-0.00893823802471161,0,
00:00:04.776,-0.00916753243654966,-0.00110385683365166,0.015331675298512,0,
00:00:04.78,-0.00207584630697966,-0.0106321731582284,-0.00780008966103196,0,
00:00:04.784,-0.0278117693960667,-0.00157966976985335,-0.00778198754414916,0,
00:00:04.788,0.0112562784925103,0.00801684707403183,0.00329550006426871,0,
00:00:04.792,0.0261206515133381,0.00285428087227046,-0.00156920857261866,0,
00:00:04.796,-0.0219264160841703,-0.000451444328064099,0.0313213802874088,0,
00:00:04.8,-0.0307342503219843,-0.00385255599394441,-0.00822766683995724,0,
00:00:04.804,0.0711115673184395,-0.00173089350573719,0.002677092095837,0,
00:00:04.808,-0.00514540588483214,0.00697250757366419,-0.023149661719799,0,
00:00:04.812,-0.0526561811566353,-0.00209080264903605,-0.0255483221262693,0,
00:00:04.816,0.00697088288143277,-0.00136542820837349,-0.00651825033128262,0,
00:00:04.82,0.00238465284928679,-0.00571731152012944,0.03599464148283,0,
00:00:04.824,-0.0069613172672689,-0.00137165887281299,0.0293549802154303,0,
00:00:04.828,0.0186459142714739,0.00692731654271483,-0.00582396052777767,0,
00:00:04.832,0.0436602532863617,0.00827096961438656,-0.00583668053150177,0,
00:00:04.836,-0.0233214609324932,-0.010667260736227,-0.0307435672730207,0,
00:00:04.84,-0.0462534576654434,-0.00657392805442214,-0.0108287213370204,0,
00:00:04.844,-0.00140397506766021,0.00551281217485666,0.0161111559718847,0,
00:00:04.848,0.0334068462252617,0.00981300510466099,0.000598856946453452,0,
00:00:04.852,0.000532629434019327,-0.00624622078612447,0.0335538685321808,0,
00:00:04.856,0.0109799019992352,-0.00493127573281527,-0.0138253215700388,0,
00:00:04.86,-0.0227426011115313,0.0166582763195038,-0.0128920758143067,0,
00:00:04.864,-0.00436578504741192,-0.00448999041691422,0.00447244849056005,0,
00:00:04.868,0.00202530412934721,-0.0180048141628504,-0.00308789894916117,0,
00:00:04.872,-0.000823759764898568,-0.00870057474821806,-0.0145261585712433,0,
00:00:04.876,0.0024643549695611,0.00963207520544529,-0.000188982259714976,0,
00:00:04.88,0.0274067521095276,0.0118795465677977,0.00883147120475769,0,
00:00:04.884,0.0133257647976279,0.0125358942896128,0.017858074977994,0,
00:00:04.888,-0.0294473730027676,0.00210220436565578,0.00547342328354716,0,
00:00:04.892,-0.0388340651988983,-0.0149071728810668,-0.014744034036994,0,
00:00:04.896,0.0105668380856514,-0.0157844107598066,-0.00256318063475192,0,
00:00:04.9,0.0268579367548227,0.00134456274099648,-0.0176795925945044,0,
00:00:04.904,0.000743015261832625,0.00743023073300719,0.0122950309887528,0,
00:00:04.908,-0.0158809423446655,0.010659403167665,0.0265463758260012,0,
00:00:04.912,0.0334673002362251,0.00297719752416015,-0.0212028715759516,0,
00:00:04.916,-0.00894076284021139,-0.0162003226578236,-0.0222545675933361,0,
00:00:04.92,-0.0426588170230389,-0.000169396327692084,0.0250716116279364,0,
00:00:04.924,0.0507723279297352,0.0179616957902908,0.0141372485086322,0,
00:00:04.928,-0.0177283976227045,-0.00502410065382719,-0.0152324829250574,0,
00:00:04.932,-0.00841943733394146,-0.0143870720639825,-0.0284650567919016,0,
00:00:04.936,0.0171578451991081,0.00423806672915816,0.0294018909335136,0,
00:00:04.94,-0.0280261412262917,-0.000178046801011078,0.0262208189815283,0,
00:00:04.944,0.00845031905919313,0.0123709347099066,-0.0186319854110479,0,
00:00:04.948,-0.00994869694113731,-0.00648502167314291,-0.028568584471941,0,
00:00:04.952,0.0125216273590922,0.00059815967688337,-0.00548328319564462,0,
00:00:04.956,0.0252140611410141,3.86682950193062E-05,0.0212783142924309,0,
00:00:04.96,-0.0197506230324507,-0.00357406842522323,0.0109521159902215,0,
00:00:04.964,0.0217731595039368,0.000156993497512303,0.00554933398962021,0,
00:00:04.968,-0.0213391575962305,-0.00559893762692809,-0.0101151941344142,0,
00:00:04.972,-0.0154036451131105,0.0082740094512701,-0.00856692809611559,0,
00:00:04.976,-0.00790188554674387,-0.00535852229222655,-0.0063974941149354,0,
00:00:04.98,0.0175296738743782,0.00882299058139324,0.00855903886258602,0,
00:00:04.984,0.0121578862890601,-0.00221063126809895,0.0156408548355103,0,
00:00:04.988,-0.00115724070928991,-0.00115119444672018,-0.00213328376412392,0,
00:00:04.992,-0.00170314183924347,-0.00105641654226929,-0.0173344295471907,0,
00:00:04.996,0.00169561943039298,0.00121635105460882,-0.00801305845379829,0,
00:00:05,-0.0083509897813201,-0.000323942746035755,0.00970785226672888,0,
00:00:05.004,-0.002727294806391,-0.00980615336447954,0.000603812921326607,0,
00:00:05.008,0.0175724904984236,0.00858572777360678,0.01258241571486,0,
00:00:05.012,-0.0217849966138601,-5.40982473467011E-05,0.000100162440503482,0,
00:00:05.016,0.0133109986782074,-0.00279615726321936,-0.000941251928452402,0,
00:00:05.02,-0.028518307954073,0.0065326620824635,-0.01102907769382,0,
00:00:05.024,0.0243303999304771,0.00282803177833557,0.000396765157347545,0,
00:00:05.028,0.00770604750141501,-0.00426797941327095,-0.00245731207542121,0,
00:00:05.032,-0.00535008404403925,-0.00224418030120432,0.000260509841609746,0,
00:00:05.036,0.00179197709076107,-0.00368684437125921,-0.00978400930762291,0,
00:00:05.04,-0.00648351851850748,-0.000903309846762568,0.00448887515813112,0,
00:00:05.044,-0.00517586385831237,0.00374611606821418,0.0401971340179443,0,
00:00:05.048,0.013824556954205,0.000520669564139098,-0.0187246222048998,0,
00:00:05.052,-0.002746207639575,-0.00190274603664875,-0.00172451045364141,0,
00:00:05.056,0.0072323614731431,0.00234508258290589,-0.0108372876420617,0,
00:00:05.06,-0.0184476133435965,-8.09124467195943E-05,-0.00160290882922709,0,
00:00:05.064,-0.00525890989229083,0.0022608928848058,-0.00088910321937874,0,
00:00:05.068,0.00431537814438343,-0.00143745332024992,-0.0154245840385556,0,
00:00:05.072,0.0114419907331467,-0.00125332397874445,-0.00280008208937943,0,
00:00:05.076,0.00550100905820727,0.00601140642538667,0.0097338268533349,0,
00:00:05.08,-0.00781221548095346,-0.0013308075722307,0.0235230401158333,0,
00:00:05.084,0.00300803710706532,-0.00421020854264498,0.0300970822572708,0,
00:00:05.088,-0.00986488442867994,-0.00338028441183269,-0.0235075559467077,0,
00:00:05.092,0.011007072404027,-0.00930583942681551,-0.0283396877348423,0,
00:00:05.096,-0.0057205562479794,0.00895409006625414,-0.00883382186293602,0,
00:00:05.1,-0.0131202712655067,0.00640527065843344,0.0241986978799105,0,
00:00:05.104,0.0205570720136166,-0.00190401496365666,-0.00721039390191436,0,
00:00:05.108,-0.00400085980072618,0.00291302753612399,0.00390625977888703,0,
00:00:05.112,-0.00159932195674628,0.00292757852002978,-0.0105156600475311,0,
00:00:05.116,-0.00300431367941201,0.000374216411728412,-0.00227466365322471,0,
00:00:05.12,-0.0048942556604743,-0.0124743385240436,-0.00204373244196177,0,
00:00:05.124,0.00931385532021523,-0.00357673433609307,0.024473300203681,0,
00:00:05.128,0.0197251923382282,0.0134800104424357,0.0182117652148008,0,
00:00:05.132,-0.0300017148256302,-0.00882221385836601,0.0013096472248435,0,
00:00:05.136,-0.00474594812840223,0.00161253823898733,-0.0280477274209261,0,
00:00:05.14,0.00577219948172569,0.00358489109203219,-0.0260043814778328,0,
00:00:05.144,0.00487169390544295,-0.000153028027852997,-0.00713432114571333,0,
00:00:05.148,0.00581256626173854,0.00173470692243427,0.0111624719575047,0,
00:00:05.152,0.00184782547876239,0.000200492097064853,0.0131241781637073,0,
00:00:05.156,-0.00179292412940413,-0.00130028778221458,0.0145456176251173,0,
00:00:05.16,-0.0176998991519213,-0.00373109173960984,0.0111451037228107,0,
00:00:05.164,0.0154691459611058,0.000907887471839786,-0.00554023450240493,0,
00:00:05.168,0.0273519065231085,0.00976356584578753,-0.00561637058854103,0,
00:00:05.172,-0.0400466397404671,-0.0134815471246839,-0.0111018614843488,0,
00:00:05.176,0.0107250828295946,0.00127090851310641,0.012937355786562,0,
00:00:05.18,-0.00945602171123028,0.00174081895966083,-0.0189902652055025,0,
00:00:05.184,-0.00763382855802774,-0.00230591255240142,0.00197792332619429,0,
00:00:05.188,0.0175197552889586,0.00521893426775932,0.00702079478651285,0,
00:00:05.192,0.00999950058758259,0.00367748830467463,-0.0120512340217829,0,
00:00:05.196,-0.00613364670425653,0.00211465987376869,-0.000355750700691715,0,
00:00:05.2,-0.00173722265753895,-0.00635745981708169,-0.00236094952560961,0,
00:00:05.204,-0.0137297995388508,-0.00227247853763402,0.0332081280648708,0,
00:00:05.208,0.0208540875464678,0.00199714559130371,0.00517955143004656,0,
00:00:05.212,0.0197102297097445,0.00717513123527169,-0.0191404670476913,0,
00:00:05.216,-0.0459124520421028,-0.0127553157508373,-0.00584636209532619,0,
00:00:05.22,0.00609562173485756,-0.00426861131563783,0.000123220859677531,0,
00:00:05.224,-0.00236898357979953,0.0055694212205708,0.00158917531371117,0,
00:00:05.228,0.00144741614349186,0.00419358583167195,-0.00940458569675684,0,
00:00:05.232,0.0160675048828125,0.00497525697574019,-0.000567160721402615,0,
00:00:05.236,0.00475692236796021,-0.000915683282073587,0.00285621103830636,0,
00:00:05.24,0.000277641549473628,0.00188770587556064,0.00555478921160102,0,
00:00:05.244,-0.00203859014436603,-0.00148501410149038,0.0110640674829483,0,
00:00:05.248,-0.00930830836296082,-0.0078902579843998,-0.0143185732886195,0,
00:00:05.252,-0.00949426367878914,0.000624986074399203,-0.00214617443270981,0,
00:00:05.256,0.0168220736086369,-0.00428014528006315,0.0257494822144508,0,
00:00:05.26,0.00756586063653231,0.00901273544877768,0.000446177640696988,0,
00:00:05.264,-0.0258393120020628,-0.00118815852329135,-0.0172439366579056,0,
00:00:05.268,-0.00885995756834745,0.000368978886399418,-0.019865682348609,0,
00:00:05.272,0.022767573595047,-0.00189499440602958,-0.00159583112690598,0,
00:00:05.276,-0.00807758141309023,0.00162537675350904,0.00938943866640329,0,
00:00:05.28,0.000264481670456007,-0.00311415153555572,0.0234299078583717,0,
00:00:05.284,0.0676123648881912,0.00570232514292002,-0.0115237226709723,0,
00:00:05.288,-0.0477498546242714,0.0023312687408179,-0.00107935455162078,0,
00:00:05.292,-0.0342472605407238,0.0020011302549392,0.00704845553264022,0,
00:00:05.296,-0.0269007794559002,-0.016080591827631,-0.0226610694080591,0,
00:00:05.3,0.0509665906429291,-0.00233938521705568,0.00354575482197106,0,
00:00:05.304,0.0213443730026484,0.0136291207745671,0.0442781671881676,0,
00:00:05.308,-0.0272465590387583,-0.0055284989066422,-0.0279005169868469,0,
00:00:05.312,-0.00188414345029742,0.0033004239667207,-0.0125485742464662,0,
00:00:05.316,0.000266171497059986,0.00300554535351694,-0.0044887363910675,0,
00:00:05.32,0.00479533104225993,0.00226057902909815,-0.00544086424633861,0,
00:00:05.324,0.00521877827122808,0.0024053689558059,0.0221144054085016,0,
00:00:05.328,0.00439029652625322,-0.0118497600778937,0.00156568258535117,0,
00:00:05.332,-0.0176596008241177,-0.00864814873784781,-0.0121280113235116,0,
00:00:05.336,-0.00136807735543698,0.00777005637064576,0.0152024049311876,0,
00:00:05.34,0.00963719189167023,0.00357369496487081,0.00404780078679323,0,
00:00:05.344,0.00578900426626205,0.00648530665785074,-0.0169490091502666,0,
00:00:05.348,-0.00878804456442595,-0.000609572278335691,-0.00377209461294115,0,
00:00:05.352,0.00604232121258974,-0.00519281532615423,-0.00233013648539782,0,
00:00:05.356,-0.00346498657017946,-0.0028346786275506,-0.00124135194346309,0,
00:00:05.36,-0.00510694133117795,0.00657812878489494,0.00518081290647388,0,
00:00:05.364,0.00803303997963667,0.0043337787501514,0.0281784161925316,0,
00:00:05.368,-0.000479650188935921,-0.0151512855663896,-0.0168350469321013,0,
00:00:05.372,-0.00686257565394044,-0.000284966517938301,-0.00951399840414524,0,
00:00:05.376,0.00623868498951197,0.00286126742139459,0.00174713355954736,0,
00:00:05.38,-0.00715110823512077,0.00849066581577063,0.00214281678199768,0,
00:00:05.384,0.00384325021877885,-0.000635900825727731,-0.00613157358020544,0,
00:00:05.388,0.00607057055458426,0.00194197113160044,0.0130984839051962,0,
00:00:05.392,0.00101543520577252,-0.0072662397287786,-0.00817246362566948,0,
00:00:05.396,-0.00515190232545137,0.00483292480930686,-0.00442919274792075,0,
00:00:05.4,-0.00195222976617515,-0.00209933193400502,-0.00164664012845606,0,
00:00:05.404,-0.0298033580183983,-0.00253635086119175,0.0111958337947726,0,
00:00:05.408,0.0359434299170971,-0.00489375134930015,-0.00755987269803882,0,
00:00:05.412,0.040485892444849,0.0110500948503613,-0.00152283173520118,0,
00:00:05.416,-0.0395437516272068,-0.00327237974852324,0.0010991848539561,0,
00:00:05.42,-0.01973045617342,0.00058658717898652,0.0184246730059385,0,
00:00:05.424,-0.0153680043295026,-0.00216298550367355,0.000232250255066901,0,
00:00:05.428,0.0267095454037189,-0.00537498248741031,-0.0116401864215732,0,
00:00:05.432,0.00220899982377887,0.00424244720488787,-0.0141515545547009,0,
00:00:05.436,0.00402706395834684,0.00436544558033347,-0.00771791813895106,0,
00:00:05.44,0.000117660827527288,0.00343504012562335,0.00941957626491785,0,
00:00:05.444,-0.00066157488618046,-0.00320399412885308,0.0135909104719758,0,
00:00:05.448,0.0158186405897141,-0.00795682333409786,-0.00406350987032056,0,
00:00:05.452,-0.0166356395930052,1.83417669177288E-05,0.0186227168887854,0,
00:00:05.456,-0.00977376569062471,0.00758151337504387,0.009357332251966,0,
00:00:05.46,0.00232520536519587,0.00346497958526015,-0.0284037757664919,0,
00:00:05.464,-0.00686573889106512,-0.00165220466442406,-0.0229460708796978,0,
00:00:05.468,0.00525785097852349,-0.00798801332712173,-0.0126532297581434,0,
00:00:05.472,0.011991267092526,-0.00122790108434856,0.0344021022319794,0,
00:00:05.476,-0.00117809686344117,6.9061410613358E-05,0.0110592003911734,0,
00:00:05.48,0.00335306581109762,0.00882509723305702,-0.00191937177442014,0,
00:00:05.484,-0.000953724083956331,-0.00271660182625055,-0.00194387894589454,0,
00:00:05.488,-0.00647848146036267,-0.00499664572998881,-0.00670259259641171,0,
00:00:05.492,-0.00665944907814264,0.00581587012857199,0.00765037443488836,0,
00:00:05.496,-0.000821193039882928,0.00122203771024942,0.00806548446416855,0,
00:00:05.5,0.00356393400579691,-0.00138132285792381,-0.0170879177749157,0,
00:00:05.504,0.00860683806240559,-0.00194747489877045,-0.0139282206073403,0,
00:00:05.508,0.000921688624657691,-0.00125476391986012,-0.00213376269675791,0,
00:00:05.512,-0.00483992975205183,-0.00022514168813359,0.0151527896523476,0,
00:00:05.516,0.00503229256719351,0.000507938268128783,0.018017865717411,0,
00:00:05.52,-0.0206297729164362,0.000729788444004953,-0.00329062971286476,0,
00:00:05.524,0.0255207698792219,0.00054844981059432,-0.0153337530791759,0,
00:00:05.528,-0.00271462905220687,-0.00186937407124788,0.0116629814729095,0,
00:00:05.532,-0.0257772598415613,0.00189212651457638,-0.00263416464440525,0,
00:00:05.536,0.0163983702659607,0.00142449920531362,-0.0218347143381834,0,
00:00:05.54,0.00292960298247635,-2.60679626080673E-05,-0.010047790594399,0,
00:00:05.544,0.00788150262087584,-0.000950383779127151,0.0367939583957195,0,
00:00:05.548,-0.00831441953778267,0.00311823887750506,0.00656043132767081,0,
00:00:05.552,0.00594967370852828,-0.00660064723342657,-0.0198749955743551,0,
00:00:05.556,-0.0289917066693306,-0.00339780724607408,-0.0102279055863619,0,
00:00:05.56,0.000991768203675747,0.00568612897768617,0.0221701227128506,0,
00:00:05.564,0.0445719212293625,0.00402712915092707,-0.00405859295278788,0,
00:00:05.568,-0.000418412790168077,-0.00193710287567228,0.0181205123662949,0,
00:00:05.572,-0.0202335175126791,-0.00233702035620809,-0.0197445657104254,0,
00:00:05.576,-0.0142344711348414,-0.000892958720214665,-0.0238676946610212,0,
00:00:05.58,-0.00224022031761706,0.000429196486948058,0.00218744529411197,0,
00:00:05.584,0.010003131814301,-0.00112547678872943,0.00361973093822598,0,
00:00:05.588,0.00576421618461609,0.00689204502850771,0.0225990321487188,0,
00:00:05.592,-0.000267327821347862,-0.00411387579515576,0.009191176854074,0,
00:00:05.596,-0.00304219871759415,-0.00129984889645129,-0.00987233687192202,0,
00:00:05.6,0.0119841303676367,0.00215197005309165,-0.00333864474669099,0,
00:00:05.604,-0.0102567132562399,-0.00355162285268307,0.00102909409906715,0,
00:00:05.608,0.000240022854995914,0.000740749761462212,-0.0152082135900855,0,
00:00:05.612,-0.0061284676194191,0.0016105092363432,-0.00529917329549789,0,
00:00:05.616,0.00438620429486036,0.00509969191625714,0.0100971907377243,0,
00:00:05.62,-0.0114020621404052,-0.0122305573895574,0.0184079501777887,0,
00:00:05.624,0.00940601993352175,0.00823263172060251,0.0128146763890982,0,
00:00:05.628,0.0112938629463315,0.0058038393035531,-0.0281166583299637,0,
00:00:05.632,0.00461453106254339,-0.00936383847147226,-0.0203794576227665,0,
00:00:05.636,-0.0149420956149697,-0.00521195912733674,0.0114150820299983,0,
00:00:05.64,-0.0107503132894635,0.0100271105766296,0.0102450102567673,0,
00:00:05.644,0.0180015619844198,0.0054416605271399,0.0105519881471992,0,
00:00:05.648,0.0132384449243546,-0.00809034891426563,-0.0022455130238086,0,
00:00:05.652,-0.0270118061453104,-0.0035322152543813,-0.00714234029874206,0,
00:00:05.656,-0.00193907727953047,-0.00185196741949767,-0.0015115721616894,0,
00:00:05.66,-0.00435604527592659,0.00396836875006557,0.0131392311304808,0,
00:00:05.664,0.00913413614034653,0.00361397000961006,-0.00673113344237208,0,
00:00:05.668,0.0121667049825191,0.00533736450597644,-0.0112447375431657,0,
00:00:05.672,-0.0116601502522826,-0.00690470822155476,-0.00430821208283305,0,
00:00:05.676,0.0569133460521698,-0.00298667536117136,0.000737024820409715,0,
00:00:05.68,-0.03629519790411,-7.95197775005363E-05,0.00775988912209868,0,
00:00:05.684,-0.0362868681550026,-0.000767420162446797,0.00642033480107784,0,
00:00:05.688,-0.0133096585050225,0.00337414117529988,0.00623065419495106,0,
00:00:05.692,0.0119791077449918,0.00242872606031597,-0.00761790294200182,0,
00:00:05.696,0.023362785577774,0.00232211593538523,-0.0147751867771149,0,
00:00:05.7,0.0139301940798759,-0.0011270244140178,0.00855260528624058,0,
00:00:05.704,-0.0116722658276558,-0.00512940809130669,0.0109656946733594,0,
00:00:05.708,0.00657653762027621,-0.00693421717733145,0.0148344608023763,0,
00:00:05.712,-0.00702644651755691,0.00235876813530922,-0.0206119362264872,0,
00:00:05.716,-0.00218443805351853,0.00958642456680536,-0.0164223425090313,0,
00:00:05.72,0.00269469618797302,0.00223915418609977,-0.00627136835828424,0,
00:00:05.724,-0.00512382760643959,6.81291639921255E-05,0.015925420448184,0,
00:00:05.728,-0.0017121605342254,-0.00509740877896547,0.00290006492286921,0,
00:00:05.732,-0.0124319028109312,-0.0080015491694212,0.000849941861815751,0,
00:00:05.736,0.0169154386967421,0.00313535402528942,0.0387471467256546,0,
00:00:05.74,0.00291116815060377,0.00678329588845372,-0.0133582139387727,0,
00:00:05.744,0.00267088832333684,0.00253071659244597,-0.0361702963709831,0,
00:00:05.748,-0.00785193499177694,-0.00172681384719908,-0.017206909134984,0,
00:00:05.752,0.0122597888112068,-0.00953091867268085,0.00543823512271047,0,
00:00:05.756,-0.0189166814088821,0.0013504798989743,0.0142132453620434,0,
00:00:05.76,-0.0180053971707821,0.00410539144650102,0.0145493922755122,0,
00:00:05.764,0.00235746894031763,0.000767964695114642,0.0329796448349953,0,
00:00:05.768,0.0880005285143852,0.00462667131796479,-0.0173373632133007,0,
00:00:05.772,-0.0328783914446831,0.00279409484937787,-0.0286209527403116,0,
00:00:05.776,-0.050844993442297,-0.0110407620668411,-0.00488236732780933,0,
00:00:05.78,-0.0165665745735168,-0.00140941992867738,-0.000104945138446055,0,
00:00:05.784,0.00163955299649388,0.00449417857453227,0.00527236191555858,0,
00:00:05.788,0.0316293053328991,0.000719259260222316,0.00679027428850532,0,
00:00:05.792,0.0181385185569525,-0.000225577940000221,0.000607843627221882,0,
00:00:05.796,-0.00102895963937044,-0.000160555529873818,-0.0112735610455275,0,
00:00:05.8,0.0118507361039519,5.75657650188077E-05,0.0239978712052107,0,
00:00:05.804,-0.0219243932515383,-0.00193336757365614,0.0176075585186481,0,
00:00:05.808,-0.0201112087816,0.00206509488634765,-0.00665372889488935,0,
00:00:05.812,0.0044407588429749,0.00162982300389558,-0.0444794334471226,0,
00:00:05.816,0.010815691202879,9.05143169802614E-05,-0.00804228242486715,0,
00:00:05.82,-0.000948694825638086,-0.00094597548013553,0.0164074935019016,0,
00:00:05.824,0.000865638256072998,0.000974646245595068,0.0207222085446119,0,
00:00:05.828,0.00101942964829504,-0.00263238954357803,-0.00481357891112566,0,
00:00:05.832,0.000403139740228653,0.000363768398528919,-0.000916607154067606,0,
00:00:05.836,0.00182623334694654,-0.00389829208143055,-0.0100953560322523,0,
00:00:05.84,-0.00254533509723842,-0.00254013482481241,0.0284841451793909,0,
00:00:05.844,-0.00632040901109576,0.0129867810755968,-0.00409848988056183,0,
00:00:05.848,0.00142021966166794,-0.000878558028489351,-0.0208923909813166,0,
00:00:05.852,0.00609061866998672,-0.00643487693741918,-0.0157823916524649,0,
00:00:05.856,0.0114774238318205,-0.00106718938332051,0.0116477813571692,0,
00:00:05.86,-0.0231278445571661,0.00104077160358429,0.0122103299945593,0,
00:00:05.864,0.0170200299471617,0.00125400931574404,0.000188551930477843,0,
00:00:05.868,-0.00361987971700728,0.00273994565941393,-0.00883487705141306,0,
00:00:05.872,-0.0168541017919779,-0.00404537562280893,-0.00627296697348356,0,
00:00:05.876,0.00718784984201193,-3.41032136930153E-05,0.0206441227346659,0,
00:00:05.88,0.015782292932272,0.00728379329666495,0.0116149298846722,0,
00:00:05.884,-0.0102270068600774,-0.00930096488445997,-0.0158991441130638,0,
00:00:05.888,0.0138729317113757,-0.00290030403994024,-0.00792020466178656,0,
00:00:05.892,-0.0181484650820494,0.00443835975602269,-0.00963225588202477,0,
00:00:05.896,-0.00845725648105145,0.00204510963521898,-0.00250669615343213,0,
00:00:05.9,0.0241516586393118,0.00327324867248535,0.0147297140210867,0,
00:00:05.904,-0.00702434917911887,0.00471713719889522,0.00338598643429577,0,
00:00:05.908,-0.0340374000370502,-0.00572923291474581,0.00194748223293573,0,
00:00:05.912,0.0462573915719986,-0.00775296986103058,-0.0132254268974066,0,
00:00:05.916,0.00761352851986885,0.00208228849805892,0.0219264701008797,0,
00:00:05.92,-0.0205798633396626,0.00513760140165687,-0.000226126867346466,0,
00:00:05.924,-0.0155024761334062,-0.00692621665075421,-0.0120117869228125,0,
00:00:05.928,-0.000212910730624571,0.00183377310167998,-0.013593846000731,0,
00:00:05.932,0.00270792935043573,0.00365232746116817,-0.000483532407088205,0,
00:00:05.936,0.0110497176647186,8.38995911180973E-05,0.00429885974153876,0,
00:00:05.94,0.00499108945950866,-5.65183581784368E-05,0.00686901714652777,0,
00:00:05.944,0.00447401870042086,0.00442173797637224,0.00964037515223026,0,
00:00:05.948,0.00203385995700955,0.000443146156612784,-0.00193137000314891,0,
00:00:05.952,-0.0161543022841215,-0.00313986581750214,-0.0106758568435907,0,
00:00:05.956,-0.00700776558369398,-0.0100080193951726,-0.00336958444677293,0,
00:00:05.96,0.00186986266635358,0.00580486143007874,0.0307375695556402,0,
00:00:05.964,0.0100567676126957,0.00082302582450211,-0.00535511551424861,0,
00:00:05.968,0.00757305976003408,0.000183595606358722,-0.0272965058684349,0,
00:00:05.972,-0.0110028497874737,-0.00358306197449565,-0.0132539160549641,0,
00:00:05.976,0.000197375367861241,0.00465659005567431,0.00866011716425419,0,
00:00:05.98,0.000361018639523536,0.00371836498379707,0.0152701623737812,0,
00:00:05.984,0.00945170968770981,0.00243987166322768,0.008553272113204,0,
00:00:05.988,-0.0108374869450927,0.000188932273886167,-0.00830991938710213,0,
00:00:05.992,0.00216460600495338,-0.0142651787027717,-0.00951299630105495,0,
00:00:05.996,0.000605454901233315,0.00506320223212242,0.0129550332203507,0,
00:00:06,-0.00831926241517067,0.00118312553968281,0.00736869405955076,0,
00:00:06.004,0.0161012094467878,-0.00563367130234838,-0.0047365939244628,0,
00:00:06.008,-0.0137807689607143,0.0108030727133155,0.00887304451316595,0,
00:00:06.012,0.0185587126761675,0.00162727595306933,-0.0271629150956869,0,
00:00:06.016,-0.00178912270348519,-0.00452120741829276,-0.00400674529373646,0,
00:00:06.02,-0.0196121484041214,-0.00306370947510004,0.00164427782874554,0,
00:00:06.024,-0.00186048552859575,0.0019020977197215,0.00285639497451484,0,
00:00:06.028,0.0139362020418048,0.0078628696501255,0.0136433122679591,0,
00:00:06.032,-0.0121971964836121,-0.00788082648068666,-0.00456073461100459,0,
00:00:06.036,0.0065207090228796,-0.0058994791470468,0.00283645372837782,0,
00:00:06.04,0.0158341433852911,0.0062563051469624,0.0203574560582638,0,
00:00:06.044,-0.0158632304519415,0.00194883905351162,-0.00417734868824482,0,
00:00:06.048,0.00109699356835335,-0.00488167814910412,-0.022473219782114,0,
00:00:06.052,0.00563032738864422,-0.00168957794085145,-0.00202746759168804,0,
00:00:06.056,-0.00498437182977796,0.00623109750449657,-0.00607544742524624,0,
00:00:06.06,0.0010494141606614,-0.00480689527466893,-0.000835267244838178,0,
00:00:06.064,0.00521180080249906,0.0070589822717011,0.0212305337190628,0,
00:00:06.068,-0.0062772473320365,0.00350144109688699,-0.00305117131210864,0,
00:00:06.072,-0.00437361327931285,-0.00418308144435287,-0.014068927615881,0,
00:00:06.076,0.00654219090938568,-0.000558181782253087,-0.000250168173806742,0,
00:00:06.08,0.00963104702532291,-0.0103109208866954,0.0222922768443823,0,
00:00:06.084,-0.0260533224791288,-0.00306907203048468,0.00230535469017923,0,
00:00:06.088,-0.00106185174081475,0.010742143727839,0.00476136291399598,0,
00:00:06.092,0.0234228651970625,0.0072078718803823,-0.0123057635501027,0,
00:00:06.096,0.00752379931509495,-0.00191221432760358,-0.0309565793722868,0,
00:00:06.1,-0.0105978436768055,-0.00423154514282942,-0.00411233212798834,0,
00:00:06.104,-0.00256852246820927,-0.00507235201075673,0.0196541845798492,0,
00:00:06.108,-0.00577338924631476,0.0032612073700875,0.00447453232482076,0,
00:00:06.112,-0.00184797064866871,0.00258439895696938,0.00496224453672767,0,
00:00:06.116,0.00208222912624478,2.7385543944547E-05,0.0427526049315929,0,
00:00:06.12,0.0138685880228877,-0.00563574256375432,-0.0244411919265985,0,
00:00:06.124,-0.0300826355814934,-0.0016988463466987,-0.0258754659444094,0,
00:00:06.128,0.0434068329632282,0.00450525432825089,-0.0187812000513077,0,
00:00:06.132,-0.00908935908228159,0.00586843444034457,-0.00311303348280489,0,
00:00:06.136,-0.0159882102161646,-0.00101552740670741,0.0277928989380598,0,
00:00:06.14,-0.0154490116983652,-0.00706402445212007,0.00986091233789921,0,
00:00:06.144,0.0015796982916072,0.00385359488427639,0.00433609960600734,0,
00:00:06.148,0.0120735727250576,0.00480629550293088,-0.00995702017098665,0,
00:00:06.152,0.00768783502280712,-0.00264575472101569,-0.00564427254721522,0,
00:00:06.156,0.00923582445830107,-0.0124020958319306,0.0047196839004755,0,
00:00:06.16,-0.00883547682315111,0.00555529678240418,-0.000753114058170468,0,
00:00:06.164,0.000453156972071156,0.00660904496908188,-0.000885799410752952,0,
00:00:06.168,-0.00564548140391707,-0.00189767358824611,-0.0105217415839434,0,
00:00:06.172,-0.00599774485453963,0.000299073668429628,0.0100047122687101,0,
00:00:06.176,0.00170582591090351,0.000244265305809677,-0.0105402376502752,0,
00:00:06.18,0.00176072400063276,-0.00240557733923197,0.00376140279695392,0,
00:00:06.184,0.0048185377381742,0.00548533722758293,0.0134977176785469,0,
00:00:06.188,0.00252454611472785,-0.00286358362063766,-0.00337403221055865,0,
00:00:06.192,0.00160115060862154,-0.00542827183380723,-0.00460665719583631,0,
00:00:06.196,-0.0123619809746742,-0.00123642187099904,0.00684384210035205,0,
00:00:06.2,0.00628208043053746,0.00450213765725493,-0.000596019090153277,0,
00:00:06.204,0.00541997374966741,0.00762916263192892,-0.00868279207497835,0,
00:00:06.208,2.75515012617689E-05,0.00085559842409566,0.00172813516110182,0,
00:00:06.212,-0.0199890490621328,-0.0127647742629051,0.00155795551836491,0,
00:00:06.216,0.0246907621622086,-0.00158881139941514,-0.0108583867549896,0,
00:00:06.22,-0.0025587051641196,0.00123828684445471,0.00229319161735475,0,
00:00:06.224,-0.0144656961783767,0.00989287439733744,0.00700561050325632,0,
00:00:06.228,0.0177901405841112,-0.000260438653640449,0.0097286207601428,0,
00:00:06.232,-0.027276361361146,-0.00512125622481108,-0.00428111059591174,0,
00:00:06.236,-0.010361460968852,-0.0045089409686625,-0.00282591907307506,0,
00:00:06.24,0.0406858623027802,0.00699280668050051,0.008785848505795,0,
00:00:06.244,0.0247692968696356,-2.62677604041528E-05,-0.010490077547729,0,
00:00:06.248,-0.0307885725051165,0.00497113633900881,0.00842609256505966,0,
00:00:06.252,-0.0173664037138224,-0.00238559674471617,-0.0205222181975842,0,
00:00:06.256,-0.00843573361635208,-0.00668066367506981,-0.00879961345344782,0,
00:00:06.26,0.00603564782068133,-0.00539780547842383,0.0152920195832849,0,
00:00:06.264,0.0121389571577311,0.00495366472750902,0.0199852418154478,0,
00:00:06.268,-0.00301930587738752,0.00479668099433184,-0.00801598560065031,0,
00:00:06.272,0.00842796638607979,-0.00264183548279107,-0.00896790996193886,0,
00:00:06.276,0.00661858730018139,-0.00135612953454256,-0.000361404265277088,0,
00:00:06.28,-0.00592591892927885,0.00103705958463252,0.00479719089344144,0,
00:00:06.284,-0.00488200085237622,0.0039990795776248,0.00868242979049683,0,
00:00:06.288,0.000831294571980834,0.00556844193488359,-0.00883424747735262,0,
00:00:06.292,-0.0072684776969254,-0.00534796575084329,-0.00745252100750804,0,
00:00:06.296,-0.000777304463554174,-0.00991502497345209,-0.00113625242374837,0,
00:00:06.3,0.00478493608534336,0.00167340983171016,0.00334287574514747,0,
00:00:06.304,0.00128489406779408,0.00224097701720893,0.00842397287487984,0,
00:00:06.308,0.00869852770119905,0.0110608953982592,0.00496372766792774,0,
00:00:06.312,-0.0201420169323683,-0.00168893544469029,-0.00465803639963269,0,
00:00:06.316,-0.00293408427387476,-0.0139952134341002,-0.0104567799717188,0,
00:00:06.32,0.0169661976397038,0.00148434622678906,0.000312933407258242,0,
00:00:06.324,0.00664584198966622,0.00943247508257627,-0.00100434198975563,0,
00:00:06.328,0.0263131577521563,-0.00244354805909097,0.00225260457955301,0,
00:00:06.332,-0.0256344992667437,0.00138416164554656,-0.000217305176192895,0,
00:00:06.336,-0.0357335321605206,-0.00416133180260658,0.00495791342109442,0,
00:00:06.34,-0.00211823242716491,0.00237885490059853,0.0207538958638906,0,
00:00:06.344,0.0400279201567173,0.0014872276224196,0.00177741155494004,0,
00:00:06.348,-0.00511441612616181,-0.00892473198473454,-0.0389786250889301,0,
00:00:06.352,-0.0126504302024841,0.00837388820946217,0.000969321641605347,0,
00:00:06.356,0.000574498903006315,-0.000847368501126766,-0.00437019672244787,0,
00:00:06.36,-0.00140268635004759,0.000571800163015723,0.0208037383854389,0,
00:00:06.364,0.00760170724242926,8.0324309237767E-05,0.00673569040372968,0,
00:00:06.368,0.0119669558480382,-0.00265429215505719,-0.0114594921469688,0,
00:00:06.372,-0.00311551080085337,0.00120134244207293,0.010034803301096,0,
00:00:06.376,-0.00983509980142117,-0.000966104795224965,-0.00147516618017107,0,
00:00:06.38,-0.00189407856669277,0.0103272590786219,-0.00437186704948545,0,
00:00:06.384,0.00399346789345145,-0.0110650984570384,0.00934959575533867,0,
00:00:06.388,-0.0226015765219927,-0.00523636443540454,-0.0105601716786623,0,
00:00:06.392,0.0208890996873379,0.00333061628043652,-0.0088653489947319,0,
00:00:06.396,0.00683503365144134,0.00644900277256966,0.00295368605293334,0,
00:00:06.4,-0.00116703822277486,0.00235996232368052,-0.00164593372028321,0,
00:00:06.404,-0.00396168371662498,-0.00789957121014595,0.00224862736649811,0,
00:00:06.408,-0.0012925659539178,0.00483719352632761,0.00488867238163948,0,
00:00:06.412,0.00283570750616491,0.000545760500244796,0.00211987481452525,0,
00:00:06.416,-0.015514625236392,-0.00597972376272082,-0.00476117292419076,0,
00:00:06.42,-0.000128485975437798,-0.0022016353905201,0.0189327951520681,0,
00:00:06.424,0.012018384411931,0.00629361113533378,-0.00125288451090455,0,
00:00:06.428,0.0123423701152205,0.00181720103137195,-0.0165316741913557,0,
00:00:06.432,0.000937645323574543,-0.000501251197420061,0.000491115963086486,0,
00:00:06.436,-0.0217696502804756,-0.00538670923560858,0.00514683220535517,0,
00:00:06.44,0.0115735111758113,0.00501265237107873,-0.00728340866044164,0,
00:00:06.444,-0.005590186920017,0.00295132794417441,-0.0156101500615478,0,
00:00:06.448,-0.00425659539178014,-0.0114870788529515,0.00408316124230623,0,
00:00:06.452,0.00312005938030779,0.00887811649590731,0.00790433119982481,0,
00:00:06.456,0.00833285693079233,-0.000523803697433323,0.00156752183102071,0,
00:00:06.46,-0.0265601705759764,-0.00189176958519965,0.0354188047349453,0,
00:00:06.464,0.0308103747665882,0.0138519844040275,0.00473513873293996,0,
00:00:06.468,0.0226531904190779,-0.0112359523773193,-0.0304394140839577,0,
00:00:06.472,-0.0156162017956376,-0.0146510181948543,-0.0311116985976696,0,
00:00:06.476,-0.033651065081358,-0.00445673940703273,0.0121326213702559,0,
00:00:06.48,-0.00366776227019727,0.01554249599576,0.00997000001370907,0,
00:00:06.484,0.00812659505754709,0.0134553061798215,0.0109545355662704,0,
00:00:06.488,0.0157343614846468,-0.00677360082045197,0.00106023054104298,0,
00:00:06.492,0.00429367274045944,-0.00515106320381165,-0.0159524008631706,0,
00:00:06.496,-0.000887957401573658,0.00417809234932065,-0.000385986379114911,0,
00:00:06.5,0.00151416612789035,0.000594898476265371,0.0175984185189009,0,
00:00:06.504,-0.00435423292219639,-0.0116907907649875,0.00960754975676537,0,
00:00:06.508,-0.0108923465013504,-0.00241361069492996,-0.00678228866308928,0,
00:00:06.512,0.00776720698922873,0.00612430227920413,-0.015691539272666,0,
00:00:06.516,0.00538022443652153,0.00984044466167688,-0.0123752113431692,0,
00:00:06.52,-0.0070823859423399,-0.00600204849615693,0.00735817011445761,0,
00:00:06.524,-0.00652616005390882,-0.00247525237500668,-0.000504805415403098,0,
00:00:06.528,0.00493877613916993,0.000422618672018871,0.0110096782445908,0,
00:00:06.532,0.00758321909233928,0.00773565517738461,0.0225656982511282,0,
00:00:06.536,-0.00396379455924034,-0.00268531846813858,-0.00863039307296276,0,
00:00:06.54,0.00547116342931986,-0.00663671595975757,-0.0194220505654812,0,
00:00:06.544,-0.00319450232200325,0.00772710144519806,-0.00768215348944068,0,
00:00:06.548,-0.00203828932717443,-0.00828065257519484,-0.00421952130272985,0,
00:00:06.552,-0.00594350043684244,-0.000744680757634342,0.0142790805548429,0,
00:00:06.556,-0.00748893804848194,-0.00426365155726671,0.00243063666857779,0,
00:00:06.56,0.0151899661868811,0.00382329523563385,0.0137540064752102,0,
00:00:06.564,0.0135409031063318,0.00996474642306566,-0.00193895865231752,0,
00:00:06.568,-0.0156954471021891,0.00390471494756639,-0.008524339646101,0,
00:00:06.572,-0.00477871159091592,-0.00680158939212561,-0.0159031301736832,0,
00:00:06.576,-0.00134723866358399,-0.00967906881123781,0.00885677617043257,0,
00:00:06.58,0.00650832382962108,0.0110497958958149,-0.00464928429573774,0,
00:00:06.584,0.00583755597472191,0.00348840584047139,0.00851054862141609,0,
00:00:06.588,-0.00668152747675776,-0.00742869637906551,0.0101106241345406,0,
00:00:06.592,-0.00671347649767995,-0.00549411168321967,-0.0080712279304862,0,
00:00:06.596,0.012643507681787,-0.0025249607861042,-0.00920143257826567,0,
00:00:06.6,-0.0134000657126307,0.0049023344181478,0.0111107071861625,0,
00:00:06.604,0.000937735836487263,0.00306863756850362,-0.0053044818341732,0,
00:00:06.608,0.0249230470508337,0.0084592504426837,-0.00840504094958305,0,
00:00:06.612,-0.0230221394449472,-0.00698919501155615,0.00868532806634903,0,
00:00:06.616,0.0132259055972099,0.000919642741791904,0.00482418388128281,0,
00:00:06.62,-0.00453906459733844,0.000213367602555081,0.00668939761817455,0,
00:00:06.624,-0.0300430525094271,-0.00368771026842296,-0.005962073802948,0,
00:00:06.628,0.0349280759692192,-0.00423117773607373,-0.00529593508690596,0,
00:00:06.632,-0.00296057644300163,0.00232225726358593,-0.0181020852178335,0,
00:00:06.636,-0.00196932652033865,0.00133319443557411,0.00449196668341756,0,
00:00:06.64,-0.00881159398704767,0.00808344595134258,0.026728143915534,0,
00:00:06.644,0.00149520498234779,-0.00012941581371706,-0.00227812584489584,0,
00:00:06.648,0.00153456919360906,-0.00818838272243738,-0.00648002792149782,0,
00:00:06.652,0.00205745524726808,-0.00415809080004692,-0.00536241149529815,0,
00:00:06.656,0.0120214791968465,0.00747392093762755,-0.000200032256543636,0,
00:00:06.66,-0.00929753482341766,-0.00210404256358743,-0.00568248005583882,0,
00:00:06.664,-0.00656577199697495,0.000507323711644858,0.0061437813565135,0,
00:00:06.668,-0.00379630737006664,0.000930930720642209,0.00906995590776205,0,
00:00:06.672,-0.00661713303998113,-0.00165792624466121,-0.0199901163578033,0,
00:00:06.676,0.0227369461208582,0.00386646948754787,0.0143278017640114,0,
00:00:06.68,0.0109886322170496,-0.00289526535198092,0.00810501165688038,0,
00:00:06.684,-0.0178177934139967,5.87906470173039E-05,-0.0037883035838604,0,
00:00:06.688,-0.0152413612231612,-0.00168241746723652,-0.0129962377250195,0,
00:00:06.692,0.00927593931555748,0.00404985388740897,-0.000658735749311745,0,
00:00:06.696,0.00262284348718822,-0.000633076415397227,-0.0022022589109838,0,
00:00:06.7,0.0119216153398156,0.00237479410134256,0.0140173630788922,0,
00:00:06.704,-0.0147370584309101,-0.00718542281538248,0.0132073201239109,0,
00:00:06.708,-0.00149490393232554,-0.00143905868753791,-0.0211573652923107,0,
00:00:06.712,0.0102293426170945,-0.00230271322652698,-0.0148903541266918,0,
00:00:06.716,0.0023031965829432,0.00652915425598621,0.0314845852553844,0,
00:00:06.72,-0.00712414877489209,0.00913247652351856,-0.00733122555539012,0,
00:00:06.724,0.00182031258009374,0.000917817756999284,-0.00714182294905186,0,
00:00:06.728,-0.0034528193064034,-0.0136796776205301,-0.00566785363480449,0,
00:00:06.732,-0.0163028705865145,-0.00474393647164106,-0.00626267306506634,0,
00:00:06.736,0.0230699740350246,0.00461424654349685,0.0137456767261028,0,
00:00:06.74,0.00791653152555227,0.00944050773978233,0.00921162310987711,0,
00:00:06.744,-0.00743841612711549,-0.00352574023418128,-0.00437402771785855,0,
00:00:06.748,-0.00961972400546074,0.000383354141376913,-0.0143457325175405,0,
00:00:06.752,0.00960599537938833,-0.00462407665327191,0.00274981721304357,0,
00:00:06.756,-0.00890804640948772,0.00242643477395177,0.014964391477406,0,
00:00:06.76,0.0031804156024009,-0.00235516089014709,0.00456080958247185,0,
00:00:06.764,-0.00358395208604634,0.00364442402496934,-0.0162540189921856,0,
00:00:06.768,-0.000676130584906787,-0.00437165657058358,-0.00959024671465158,0,
00:00:06.772,0.013028952293098,0.00085260474588722,0.00151094619650394,0,
00:00:06.776,-0.00435021799057722,0.00673245964571834,0.0157429482787848,0,
00:00:06.78,-0.0205099191516638,0.00416840193793178,0.0116468071937561,0,
00:00:06.784,0.015722980722785,-0.00884578004479408,-0.00684436177834868,0,
00:00:06.788,0.0108920279890299,-0.00195946032181382,-0.0254277102649212,0,
00:00:06.792,-0.0158947911113501,-0.00818030815571547,-0.00337934168055654,0,
00:00:06.796,0.0184295196086168,0.00636735279113054,0.0288696456700563,0,
00:00:06.8,0.0132800629362464,0.00490730768069625,0.000698915158864111,0,
00:00:06.804,-0.0330660864710808,0.00878846738487482,0.0050102174282074,0,
00:00:06.808,-0.00717766350135207,0.000492844905238599,-0.0261124260723591,0,
00:00:06.812,0.000191714920219965,-0.0121757173910737,-0.0078491885215044,0,
00:00:06.816,-0.00362963136285543,-0.00923924241214991,0.0026309376116842,0,
00:00:06.82,0.0241625383496284,0.00895513407886028,0.0195123665034771,0,
00:00:06.824,0.00745587237179279,0.00293511082418263,0.011662594974041,0,
00:00:06.828,-0.000958160730078816,-0.00157655857037753,0.0118019413203001,0,
00:00:06.832,-0.00669002113863826,0.00373978563584387,-0.0218239706009626,0,
00:00:06.836,-0.0175901670008898,-0.00700044864788651,-0.0183692816644907,0,
00:00:06.84,0.00569517677649856,0.00828907173126936,0.00611454527825117,0,
00:00:06.844,0.00574244232848287,-0.00020609908096958,-0.001333671156317,0,
00:00:06.848,0.00499743036925793,-0.00297673605382442,-0.00473483419045806,0,
00:00:06.852,-0.00809767749160528,-0.00661353534087539,0.00618801126256585,0,
00:00:06.856,-0.00959358643740416,0.00521306600421667,0.00916845630854368,0,
00:00:06.86,0.0399323552846909,0.00602669594809413,0.0246123261749744,0,
00:00:06.864,-0.0113164447247982,-0.00619057286530733,-0.0128998318687081,0,
00:00:06.868,-0.0305151920765638,-0.00430037546902895,-0.0176527183502913,0,
00:00:06.872,-0.00292939553037286,-0.00168121070601046,-0.00888111349195242,0,
00:00:06.876,0.0111797656863928,0.00921813491731882,0.000986182596534491,0,
00:00:06.88,0.00798552483320236,0.00697452574968338,0.00211210525594652,0,
00:00:06.884,-0.000431258202297613,-0.00551619660109282,0.0124161327257752,0,
00:00:06.888,0.00184534874279052,-0.0104835713282228,-0.00142516091000289,0,
00:00:06.892,0.00727454386651516,0.00745891546830535,0.0110238464549184,0,
00:00:06.896,-0.00441703107208014,-0.00178390648216009,-0.0110243707895279,0,
00:00:06.9,-0.0043390728533268,-0.00411045923829079,0.00625860178843141,0,
00:00:06.904,-0.00775869283825159,0.00208236812613904,-0.0161840561777353,0,
00:00:06.908,-0.0164667647331953,0.00115498236846179,0.00544173736125231,0,
00:00:06.912,0.0358678251504898,0.00385242258198559,0.00786325056105852,0,
00:00:06.916,0.0152691882103682,0.00170730974059552,0.000900458777323365,0,
00:00:06.92,-0.0341914258897305,-0.000892815529368818,-0.0187036469578743,0,
00:00:06.924,-0.024335965514183,-0.00418691709637642,0.000753298867493868,0,
00:00:06.928,0.0244992971420288,0.00219961302354932,0.00659936293959618,0,
00:00:06.932,0.0143479742109776,0.00299056596122682,0.0243627708405256,0,
00:00:06.936,0.00501703983172774,-0.0052353604696691,-0.00694065121933818,0,
00:00:06.94,-2.54614315053914E-06,-0.00565654691308737,-0.016659751534462,0,
00:00:06.944,-0.0157756432890892,0.00425742147490382,-0.00314915971830487,0,
00:00:06.948,-0.0115918591618538,-0.00195736647583544,-0.00308780116029084,0,
00:00:06.952,-0.00157933193258941,0.00517056882381439,0.0164146553725004,0,
00:00:06.956,0.0119988061487675,0.00374199263751507,0.00582802481949329,0,
00:00:06.96,0.026721840724349,0.00227719731628895,-0.00991661660373211,0,
00:00:06.964,-0.0168903730809689,-0.00415128190070391,-0.0115696936845779,0,
00:00:06.968,-0.00779278995469213,-0.00629899417981505,0.0094182463362813,0,
00:00:06.972,-0.00704163452610374,0.00433508586138487,-0.00113789015449584,0,
00:00:06.976,0.00395194347947836,0.000327133690007031,0.00578847480937839,0,
00:00:06.98,0.0026606097817421,-0.00546880206093192,0.0020877521019429,0,
00:00:06.984,-0.00216059060767293,-0.00135603651870042,0.00186377833597362,0,
00:00:06.988,0.00507229007780552,0.000752438674680889,-0.00780314533039927,0,
00:00:06.992,0.00555187230929732,0.0100956335663795,-0.0185452941805124,0,
00:00:06.996,-0.00208630762062967,0.00234689400531352,0.0128552699461579,0,
00:00:07,-0.00401833048090339,-0.00264042662456632,0.00431949505582452,0,
00:00:07.004,-0.000712512468453497,0.00014481387916021,0.00697658071294427,0,
00:00:07.008,0.00357791222631931,-0.00678804004564881,0.0105326259508729,0,
00:00:07.012,-0.0170616842806339,-0.00616742065176368,-0.0103452345356345,0,
00:00:07.016,-0.00627891905605793,0.00448136311024427,-0.0232453253120184,0,
00:00:07.02,0.0235313661396503,-0.00139787374064326,0.0202761627733707,0,
00:00:07.024,0.0459450744092464,0.00986046809703112,0.00428851321339607,0,
00:00:07.028,-0.0432265773415565,0.000106107319879811,-0.00386998616158962,0,
00:00:07.032,-0.0376837179064751,-0.00302114244550467,-0.0114304004237056,0,
00:00:07.036,0.0103642344474792,-0.00678774155676365,-0.00522186467424035,0,
00:00:07.04,0.0154748372733593,0.00497536966577172,0.00676315976306796,0,
00:00:07.044,0.0199534371495247,0.00578479422256351,0.0129613997414708,0,
00:00:07.048,-0.00776968384161592,-0.00637875683605671,-0.0113204391673207,0,
00:00:07.052,-0.00455793458968401,-0.00647914223372936,0.0170403756201267,0,
00:00:07.056,0.00816937349736691,0.00649911491200328,0.00480856420472264,0,
00:00:07.06,-0.0126388715580106,0.00496274698525667,0.00111326714977622,0,
00:00:07.064,0.00426410883665085,-0.0039581130258739,-0.0270404387265444,0,
00:00:07.068,-0.00458646938204765,0.00114493048749864,-0.0144057776778936,0,
00:00:07.072,-0.0116071458905935,-0.00186795007903129,0.0101529425010085,0,
00:00:07.076,0.00420244038105011,-0.00345816067419946,0.0114950146526098,0,
00:00:07.08,0.00507819512858987,0.0019252912607044,0.00751473335549235,0,
00:00:07.084,0.0211693495512009,0.00247328425757587,-0.00216451985761523,0,
00:00:07.088,-0.00268876156769693,-0.000939541612751782,-0.00438976753503084,0,
00:00:07.092,-0.018243471160531,0.00793666671961546,0.00351232080720365,0,
00:00:07.096,-0.0165226645767689,-0.00731560448184609,0.0271269399672747,0,
00:00:07.1,0.0467587299644947,-0.00367856677621603,-0.0246284771710634,0,
00:00:07.104,0.00227485736832023,0.00189340417273343,-0.026508117094636,0,
00:00:07.108,-0.046318281441927,-0.00234289676882327,0.00352086429484189,0,
00:00:07.112,-0.0167149379849434,0.00017754317377694,0.00205529062077403,0,
00:00:07.116,0.0446164943277836,0.00872044451534748,0.017591493204236,0,
00:00:07.12,-0.0223038569092751,-0.00115282263141125,0.0156608149409294,0,
00:00:07.124,0.022918937727809,-0.00759629532694817,-0.00747883226722479,0,
00:00:07.128,0.00889304932206869,0.00374178448691964,-0.00368468416854739,0,
00:00:07.132,-0.0182609353214502,0.000923052721191198,-0.00874545238912106,0,
00:00:07.136,-0.00592988170683384,0.00166204990819097,-0.00451124832034111,0,
00:00:07.14,0.0108958287164569,-0.000594862853176892,0.0194986648857594,0,
00:00:07.144,-0.0175068583339453,-0.00612592184916139,-0.0120781492441893,0,
00:00:07.148,-4.20680953538977E-05,-0.00197067158296704,-0.0173641983419657,0,
00:00:07.152,0.0124029740691185,0.00448583718389273,-0.0057759159244597,0,
00:00:07.156,0.0165781751275063,0.0039519271813333,0.0309653338044882,0,
00:00:07.16,-0.00321881077252328,0.00532523030415177,0.00810096878558397,0,
00:00:07.164,-0.0274167191237211,-0.00713148945942521,-0.017760943621397,0,
00:00:07.168,0.0233796834945679,-0.00115679367445409,0.0110514564439654,0,
00:00:07.172,-0.0142555609345436,-0.00219485349953175,-0.00881437305361032,0,
00:00:07.176,-0.0164856147021055,-0.00241921423003078,-0.00355462892912328,0,
00:00:07.18,0.00608697347342968,0.00327246123924851,-0.00289480108767748,0,
00:00:07.184,0.0306745003908873,0.00336661422625184,-0.00150747410953045,0,
00:00:07.188,0.00116095331031829,-0.00281066703610122,-0.0118315806612372,0,
00:00:07.192,-0.00982020050287247,0.00545159028843045,0.034865602850914,0,
00:00:07.196,-0.013584915548563,-0.000135109279653989,0.00315290549769998,0,
00:00:07.2,0.00581058813259006,-0.00258101499639452,-0.00869373232126236,0,
00:00:07.204,-0.0207324307411909,-0.000402442936319858,-0.0134589588269591,0,
00:00:07.208,0.0226006638258696,-0.00519738951697946,-0.0136814415454865,0,
00:00:07.212,0.034769032150507,0.000547887990251184,0.00200070044957101,0,
00:00:07.216,-0.0455137342214584,0.000340851867804304,0.0178346987813711,0,
00:00:07.22,0.00845110695809126,0.00813013501465321,0.00523300375789404,0,
00:00:07.224,-0.00955933146178722,-0.00154298171401024,-0.0125340856611729,0,
00:00:07.228,0.00146726262755692,-0.00340959383174777,-0.00293968105688691,0,
00:00:07.232,0.0041566202417016,-0.00197745347395539,0.0271126180887222,0,
00:00:07.236,-0.00485621532425284,0.00202704290859401,-0.00974225904792547,0,
00:00:07.24,0.0159404743462801,-0.00297351181507111,-0.0186467599123716,0,
00:00:07.244,0.0238977931439877,0.00153211341239512,-0.00487901642918587,0,
00:00:07.248,-0.0117390006780624,0.00215825741179287,0.00277733989059925,0,
00:00:07.252,-0.0300394333899021,-0.000994378235191107,0.00344386859796941,0,
00:00:07.256,-0.00463034305721521,0.00180575402919203,0.0234105996787548,0,
00:00:07.26,0.00444856518879533,0.00286572659388185,0.00913860276341438,0,
00:00:07.264,0.00606116326525807,-0.00266947411000729,-0.0262205023318529,0,
00:00:07.268,0.00247922074049711,-0.00712657766416669,-0.0173891372978687,0,
00:00:07.272,0.0166875422000885,0.00270192953757942,0.0105130719020963,0,
00:00:07.276,-0.00151506741531193,0.00581528386101127,0.01938796043396,0,
00:00:07.28,-0.0140146119520068,-0.000364757783245295,-0.00848386809229851,0,
00:00:07.284,-0.00695915566757321,-0.00632936507463455,-0.0155859803780913,0,
00:00:07.288,0.0185528360307217,0.00643154513090849,-0.00874256994575262,0,
00:00:07.292,-0.00561243714764714,-0.0011288421228528,0.0265160221606493,0,
00:00:07.296,-0.0160540267825127,-0.000380140205379575,0.0178236961364746,0,
00:00:07.3,0.0074152466841042,-0.00321273831650615,-0.0129634654149413,0,
00:00:07.304,0.0545292273163795,0.000692138099111617,-0.0167255029082298,0,
00:00:07.308,-0.0632383227348328,0.000958817545324564,-0.00823330692946911,0,
00:00:07.312,-0.0123984478414059,-0.00385023094713688,0.0180557984858751,0,
00:00:07.316,-0.00631333375349641,-0.00246077869087458,0.00132990872953087,0,
00:00:07.32,0.0155158415436745,0.00270973006263375,-0.00570945627987385,0,
00:00:07.324,0.0316577069461346,0.00901977252215147,-0.00100866158027202,0,
00:00:07.328,0.0308876857161522,0.00376378418877721,0.00296087167225778,0,
00:00:07.332,-0.0215047914534807,0.00392036745324731,-0.00502277771010995,0,
00:00:07.336,-0.0283929668366909,-0.00880725122988224,0.000826924166176468,0,
00:00:07.34,-0.0047810822725296,-0.0110493218526244,0.0154700540006161,0,
00:00:07.344,-0.0219846852123737,-0.00591625133529305,-0.00944240763783455,0,
00:00:07.348,0.0108133386820555,0.00497584044933319,-0.0112376250326633,0,
00:00:07.352,0.021123368293047,0.00530014792457223,0.00636729644611478,0,
00:00:07.356,0.0109325861558318,0.00889713503420353,0.00355701125226915,0,
00:00:07.36,0.0093757463619113,0.00275656417943537,-0.00161151739303023,0,
00:00:07.364,-0.0148873087018728,-0.00724825914949179,-0.00961781106889248,0,
00:00:07.368,-0.0108539527282119,-0.00535763101652265,0.00804527197033167,0,
00:00:07.372,-0.00759962061420083,0.0012846807949245,0.01170673687011,0,
00:00:07.376,0.0164499580860138,0.00438904762268066,0.00184920069295913,0,
00:00:07.38,0.00379665102809668,-0.00491629261523485,-0.0247424468398094,0,
00:00:07.384,-0.0208099111914635,0.00639006774872541,0.00590677745640278,0,
00:00:07.388,0.0202983543276787,-0.00157600035890937,0.0243625566363335,0,
00:00:07.392,-0.00232024281285703,-0.000740044168196619,-0.0158661231398582,0,
00:00:07.396,-0.00910172984004021,-0.001269142027013,-0.000990156782791018,0,
00:00:07.4,-0.0165058374404907,-0.00746283633634448,-0.0064163007773459,0,
00:00:07.404,0.0137528665363789,-0.000866180402226746,-0.0124113718047738,0,
00:00:07.408,0.0247703567147255,0.00899930857121944,0.0229968447238207,0,
00:00:07.412,-0.00291290623135865,0.0122815771028399,0.000726542784832418,0,
00:00:07.416,-0.0220479387789965,-0.00771853933110833,-0.0102934446185827,0,
00:00:07.42,0.00683331349864602,-0.00429003266617656,0.0200383923947811,0,
00:00:07.424,-0.0256641283631325,-0.00482924375683069,-0.015107199549675,0,
00:00:07.428,0.0383718498051167,-0.00549585931003094,-0.00957665499299765,0,
00:00:07.432,0.00542012229561806,0.00567533122375607,0.00863550137728453,0,
00:00:07.436,-0.00789833441376686,0.0102307163178921,0.0042616780847311,0,
00:00:07.44,-0.0342740714550018,-0.00561513751745224,-0.0106031959876418,0,
00:00:07.444,0.00580169120803475,0.00180463748984039,0.0116616720333695,0,
00:00:07.448,0.0390550345182419,0.000538281572517008,-5.32555895915721E-05,0,
00:00:07.452,-0.0166603028774261,-0.00173449888825417,0.000691764638759196,0,
00:00:07.456,-0.00774663733318448,-0.00862025283277035,-0.0107976924628019,0,
00:00:07.46,-0.00313215353526175,0.00440244982019067,0.00616739224642515,0,
00:00:07.464,-0.00617516413331032,0.00270879222080112,-0.00844703149050474,0,
00:00:07.468,0.0120857218280435,-0.000773003615904599,0.00016252750356216,0,
00:00:07.472,0.0243201218545437,0.0021589023526758,0.0117591070011258,0,
00:00:07.476,-0.00799804273992777,0.00115840183570981,0.00183607230428606,0,
00:00:07.48,-0.0176936239004135,-0.00256489566527307,0.00617630546912551,0,
00:00:07.484,-0.0165299512445927,0.000630893569905311,-0.00646010367199779,0,
00:00:07.488,0.0141768772155046,0.00456262240186334,-0.0101896477863193,0,
00:00:07.492,0.00102630013134331,-0.00435423478484154,-0.00853504333645105,0,
00:00:07.496,-0.00139980926178396,-0.00196072179824114,0.00164340296760201,0,
00:00:07.5,0.00436008535325527,-0.00496454350650311,0.016115503385663,0,
00:00:07.504,0.0145970834419131,-0.000186954071978107,0.00388994091190398,0,
00:00:07.508,-0.00634530046954751,0.005724111571908,-0.00269716372713447,0,
00:00:07.512,-0.0113771893084049,0.00221596262417734,-0.0127509646117687,0,
00:00:07.516,-0.0069984314031899,0.00280715408734977,0.00883105117827654,0,
00:00:07.52,0.00180760200601071,0.00202066474594176,0.00781472679227591,0,
00:00:07.524,0.0189047791063786,-5.09539677295834E-05,-0.00157583772670478,0,
00:00:07.528,0.000280845095403492,-0.0102244950830936,-0.0194110665470362,0,
00:00:07.532,-0.000770674087107182,-0.0051080989651382,-0.00492236204445362,0,
00:00:07.536,-0.0373607911169529,0.00598619505763054,0.0151029182597995,0,
00:00:07.54,0.030560664832592,0.00329787097871304,0.000112829722638708,0,
00:00:07.544,0.00414832355454564,0.0013827612856403,0.0188623312860727,0,
00:00:07.548,-0.00634337170049548,0.00211494672112167,-0.00722683453932405,0,
00:00:07.552,-0.00633292971178889,-0.00680128391832113,-0.0203075669705868,0,
00:00:07.556,0.0103870341554284,0.0035784668289125,-0.00316495122388005,0,
00:00:07.56,-0.00578139256685972,0.000571557728108019,0.0103260660544038,0,
00:00:07.564,0.00227093347348273,-0.000641187943983823,0.00996742676943541,0,
00:00:07.568,-0.000648347777314484,-0.000746339443139732,-0.0108581241220236,0,
00:00:07.572,0.001052669249475,0.00377968768589199,0.00941229797899723,0,
00:00:07.576,-0.00241455249488354,-0.00806630402803421,-0.00410110596567392,0,
00:00:07.58,-0.00976686086505651,0.000925474450923502,-0.00233199098147452,0,
00:00:07.584,0.00403174525126815,0.0011257785372436,-0.00295957620255649,0,
00:00:07.588,0.026294993236661,0.00832286290824413,0.00208747945725918,0,
00:00:07.592,-0.00240270863287151,-0.00192064756993204,0.00221494096331298,0,
00:00:07.596,-0.0281529370695353,-0.00397372804582119,0.00906267203390598,0,
00:00:07.6,1.27714956761338E-05,-0.00654156552627683,-0.00632604816928506,0,
00:00:07.604,-0.00120761932339519,0.0100023131817579,-0.0157368890941143,0,
00:00:07.608,0.0152310207486153,-0.0014561404241249,0.00282143335789442,0,
00:00:07.612,-0.00437508383765817,-0.00316640874370933,0.00993823539465666,0,
00:00:07.616,0.00355485011823475,-0.0034196691121906,-0.0108496574684978,0,
00:00:07.62,-0.00164483359549195,0.000522119400557131,0.0239489823579788,0,
00:00:07.624,0.00541238579899073,0.00715780537575483,0.00794352777302265,0,
00:00:07.628,0.0091705871745944,0.001062749652192,-0.0231048334389925,0,
00:00:07.632,-0.0157721396535635,-0.00599582120776176,-0.00650250958278775,0,
00:00:07.636,-0.00738232862204313,0.00582309300079942,0.00531102111563087,0,
00:00:07.64,-0.00451965630054474,-0.00204935390502214,-0.00249619828537107,0,
00:00:07.644,0.00532074319198728,-0.00314785074442625,-0.00863720662891865,0,
00:00:07.648,0.000993419671431184,-0.00147937587462366,0.0105988821014762,0,
00:00:07.652,0.0187319181859493,-0.00167874514590949,0.0121325179934502,0,
00:00:07.656,0.00185919541399926,0.00539593631401658,0.00928082410246134,0,
00:00:07.66,-0.0285393819212914,-0.00112857390195131,-0.0167379416525364,0,
00:00:07.664,0.00661190133541822,0.00531338434666395,-0.0142209865152836,0,
00:00:07.668,0.023579690605402,-0.00335224345326424,0.00321001326665282,0,
00:00:07.672,-0.0113617209717631,-0.00579173723235726,0.020524624735117,0,
00:00:07.676,-0.00795180909335613,0.000692145084030926,-0.0018535410054028,0,
00:00:07.68,0.00353442481718957,0.00461076572537422,-0.0123051153495908,0,
00:00:07.684,-0.0108672296628356,-0.00422349479049444,-0.0061553199775517,0,
00:00:07.688,0.0100956531241536,0.00284281373023987,-0.00447702221572399,0,
00:00:07.692,0.0029919701628387,0.00258802389726043,0.0218430515378714,0,
00:00:07.696,-0.00690320460125804,-0.00177055888343602,-0.00210140878334641,0,
00:00:07.7,0.00628542946651578,0.0068417745642364,0.0108946394175291,0,
00:00:07.704,-0.000384238344850019,-0.00598308304324746,-0.0142545541748405,0,
00:00:07.708,-0.00155257538426667,-0.00790093000978231,-0.0247241649776697,0,
00:00:07.712,-0.000797172251623124,0.00249753845855594,0.0176225733011961,0,
00:00:07.716,0.00217405427247286,-0.000445028010290116,0.00677326181903481,0,
00:00:07.72,-0.00146999780554324,0.00154900853522122,0.00131322245579213,0,
00:00:07.724,-0.00743457395583391,0.0049114222638309,-0.0114226154983044,0,
00:00:07.728,-0.000336584489559755,0.00237894570454955,0.0207537952810526,0,
00:00:07.732,0.0281732100993395,-0.000826378935016692,-0.0048151477240026,0,
00:00:07.736,-0.0157944988459349,-0.00658689998090267,-0.00945486780256033,0,
00:00:07.74,-0.00672289775684476,0.0079261027276516,-0.0052107754163444,0,
00:00:07.744,-0.00826005730777979,-0.00372910522855818,0.000239675675402395,0,
00:00:07.748,0.00430351961404085,-0.0044483202509582,0.00124849705025554,0,
00:00:07.752,0.0104692308232188,-0.0034777563996613,0.00135966821108013,0,
00:00:07.756,0.0017138960538432,0.00125907768961042,0.0138140441849828,0,
00:00:07.76,-0.0113164084032178,0.0101464381441474,-0.00232320372015238,0,
00:00:07.764,-3.02292100968771E-05,-0.00235243514180183,-0.00439253356307745,0,
00:00:07.768,0.0103640044108033,-0.00338115636259317,-0.0106954211369157,0,
00:00:07.772,0.00182625243905932,0.00310414168052375,0.00122686685062945,0,
00:00:07.776,-0.00557776913046837,0.00318180420435965,0.00455034989863634,0,
00:00:07.78,-0.00875162798911333,-0.00568691361695528,0.0117258541285992,0,
00:00:07.784,0.00278935790993273,-0.00840787030756474,-0.0131299570202827,0,
00:00:07.788,0.00684867892414331,0.00155959243420511,-0.0118805505335331,0,
00:00:07.792,0.000702480669133365,0.00965994596481323,0.0229525528848171,0,
00:00:07.796,-0.00368835590779781,0.00070625328226015,0.00726113235577941,0,
00:00:07.8,0.00236968765966594,0.004664596170187,-0.018360635265708,0,
00:00:07.804,0.00299190799705684,-0.00515067065134645,0.0162830911576748,0,
00:00:07.808,-0.00329004810191691,-0.00533076329156756,-0.0277321059256792,0,
00:00:07.812,-0.0140615087002516,-0.00202787015587091,-0.00870842486619949,0,
00:00:07.816,0.0208005867898464,0.00101991614792496,0.0255630109459162,0,
00:00:07.82,-0.0133417779579759,0.000255555001785979,0.000967936764936894,0,
00:00:07.824,-0.00563198747113347,0.0081391828134656,-0.00259374896995723,0,
00:00:07.828,0.0124809825792909,-0.00349116162396967,0.00782516039907932,0,
00:00:07.832,0.00615448085591197,-0.00339423585683107,-0.00256045232526958,0,
00:00:07.836,-0.00057564617600292,-0.000415333255659789,-0.0114350998774171,0,
00:00:07.84,6.86389248585328E-05,0.00990041065961123,0.00643848907202482,0,
00:00:07.844,-0.00808185618370771,-0.00606051972135901,0.0104579506441951,0,
00:00:07.848,-0.00756318727508187,-0.00354165304452181,-0.0198042225092649,0,
00:00:07.852,0.00159793929196894,-0.000746035948395729,0.000685618259012699,0,
00:00:07.856,0.000491475220769644,-0.00312667689286172,-0.000452713196864352,0,
00:00:07.86,0.00981639791280031,0.00545097142457962,0.00792231503874063,0,
00:00:07.864,-0.00138469401281327,0.0064281509257853,0.00567566184327006,0,
00:00:07.868,0.031152531504631,0.00285545270889997,0.00904496666043997,0,
00:00:07.872,-0.0422646552324295,-0.00546496082097292,-0.0251071583479643,0,
00:00:07.876,-0.0114013710990548,-0.0100658955052495,0.0183405801653862,0,
00:00:07.88,0.00431717513129115,-0.00293854740448296,0.00710932910442352,0,
00:00:07.884,0.0155039969831705,0.00371634564362466,-0.019294798374176,0,
00:00:07.888,0.00799686834216118,0.00586838880553842,-0.022506020963192,0,
00:00:07.892,-0.00106768263503909,0.0125054335221648,-0.00118947075679898,0,
00:00:07.896,0.00502580497413874,-0.00680683925747871,0.0395878180861473,0,
00:00:07.9,-0.0125841507688165,-0.00381221389397979,0.0142431017011404,0,
00:00:07.904,-0.00163393886759877,-0.00494220200926065,-0.00641560135409236,0,
00:00:07.908,-0.00100601860322058,0.000303931010421366,-0.0227731633931398,0,
00:00:07.912,-0.00125638337340206,-0.00481613166630268,-0.0122946109622717,0,
00:00:07.916,0.00380949187092483,0.0048919222317636,0.00986370258033276,0,
00:00:07.92,0.00746956281363964,0.0094005735591054,0.000965614861343056,0,
00:00:07.924,-0.00294512417167425,0.000210518250241876,0.00625104364007711,0,
00:00:07.928,-0.00626507168635726,-0.010345010086894,0.00375663093291223,0,
00:00:07.932,-0.00206620572134852,-0.000336723402142525,0.00186599721200764,0,
00:00:07.936,0.00817009434103966,0.00483571365475655,0.00166730443015695,0,
00:00:07.94,-0.000579378276597708,-0.00174800772219896,-0.00620839232578874,0,
00:00:07.944,0.00165596813894808,0.00314227398484945,-0.0168984830379486,0,
00:00:07.948,-0.00133082375396043,-0.00104638992343098,-0.0013635914074257,0,
00:00:07.952,-0.00938094407320023,-0.00578373717144132,0.0107982866466045,0,
00:00:07.956,-0.007089679595083,0.00937490817159414,0.0205291956663132,0,
00:00:07.96,0.0118747772648931,-0.00251329457387328,-0.00158731266856194,0,
00:00:07.964,0.00738354306668043,-0.00604463089257479,-0.0116754528135061,0,
00:00:07.968,-0.00275522284209728,-0.0038074916228652,-0.0105030713602901,0,
00:00:07.972,0.0096642067655921,0.0125873517245054,-0.00603181263431907,0,
00:00:07.976,-0.0062041156925261,-0.000663076236378402,0.0167445689439774,0,
00:00:07.98,-0.00665080593898892,-0.00596682028844953,0.00966728664934635,0,
00:00:07.984,-0.0212574936449528,-0.00272671924903989,-0.00399506557732821,0,
00:00:07.988,0.0123973954468966,0.00322787766344845,-0.0183199904859066,0,
00:00:07.992,0.0124166803434491,0.00705263670533895,-0.00197580619715154,0,
00:00:07.996,0.00552600715309381,-0.00322515238076448,0.010764910839498,0,
00:00:08,0.00302578206174076,-0.00425647525116801,0.00565424142405391,0,
00:00:08.004,-0.00420003430917859,0.000238533539231867,-0.00322654074989259,0,
00:00:08.008,-0.0114874402061105,-0.00550295878201723,-3.69379740732256E-05,0,
00:00:08.012,-0.00585230765864253,0.00614049285650253,0.0026461670640856,0,
00:00:08.016,-0.0090456074103713,0.00477854022756219,0.0105224186554551,0,
00:00:08.02,0.0211785901337862,0.000369060260709375,-0.0119845513254404,0,
00:00:08.024,0.00715706590563059,-0.0108189852908254,-0.0169444475322962,0,
00:00:08.028,-0.0015920182922855,0.000846850627567619,0.00147610867861658,0,
00:00:08.032,-0.000756534631364048,0.013017344288528,0.0130900023505092,0,
00:00:08.036,-0.010336821898818,-0.00209087901748717,0.00826338026672602,0,
00:00:08.04,-0.00328660733066499,-0.00748882489278913,0.000355470605427399,0,
00:00:08.044,0.00154473702423275,-0.00141534290742129,-0.00859502423554659,0,
00:00:08.048,0.009532256051898,0.00131616927683353,-0.00106412789318711,0,
00:00:08.052,-0.00528746284544468,0.0017943448619917,-0.00376579375006258,0,
00:00:08.056,-0.00806371867656708,0.00113013805821538,-7.11578541086055E-05,0,
00:00:08.06,0.0129303792491555,0.0023021474480629,0.0112407691776752,0,
00:00:08.064,0.00273335073143244,-0.00236245151609182,-0.00455914996564388,0,
00:00:08.068,-0.00514710647985339,-0.00220397207885981,-0.00261668302118778,0,
00:00:08.072,-0.00855003111064434,-0.00266256066970527,0.00353845534846187,0,
00:00:08.076,0.00485670752823353,0.00683254329487681,-0.00543461041525006,0,
00:00:08.08,0.0130054298788309,-0.00534735294058919,-0.0066416715271771,0,
00:00:08.084,-0.00492310849949718,-0.00249706557951868,0.00782093685120344,0,
00:00:08.088,-0.0291117317974567,0.0104303658008575,0.0152315823361278,0,
00:00:08.092,0.0108659192919731,0.000123071513371542,-0.00221572909504175,0,
00:00:08.096,0.0225677285343409,-0.00360182044096291,-0.0152191063389182,0,
00:00:08.1,0.00823657959699631,-0.00534201180562377,-0.00582701014354825,0,
00:00:08.104,-0.0165093261748552,0.00271716970019042,-0.0042513064108789,0,
00:00:08.108,-0.00992699712514877,0.000115583148726728,0.00701371999457479,0,
00:00:08.112,0.00731778796762228,0.00398148223757744,0.0196416415274143,0,
00:00:08.116,-0.00148683553561568,-0.00790978968143463,0.00399918528273702,0,
00:00:08.12,0.000716835726052523,0.00318236788734794,-0.0115572549402714,0,
00:00:08.124,-0.00329074054025114,0.00342913530766964,-0.00621573068201542,0,
00:00:08.128,0.00226671458221972,-0.0055502369068563,-0.0178887285292149,0,
00:00:08.132,0.00523329479619861,0.00245300843380392,0.0150541085749865,0,
00:00:08.136,-0.000275708414847031,0.00298065436072648,0.00647211726754904,0,
00:00:08.14,-0.00384491216391325,0.000944922852795571,0.00348934391513467,0,
00:00:08.144,0.00265549379400909,-0.000903960259165615,-0.0051686204969883,0,
00:00:08.148,-0.00291430461220443,-0.00573440408334136,-0.00355339213274419,0,
00:00:08.152,0.00484941434115171,0.00687166769057512,-0.00626021064817905,0,
00:00:08.156,-0.00494847306981683,0.00097213068511337,0.0120511688292027,0,
00:00:08.16,-0.000940156693104655,-0.00880528520792723,0.00505489204078913,0,
00:00:08.164,0.00306322914548218,0.00291085871867836,0.00863777939230204,0,
00:00:08.168,0.00764737278223038,0.00127800623886287,-0.0104236984625459,0,
00:00:08.172,-0.0108187692239881,-0.00145781564060599,-0.0182863082736731,0,
00:00:08.176,-0.0150433229282498,0.00224862270988524,-0.00386333093047142,0,
00:00:08.18,0.0154492305591702,0.00168037123512477,0.00401780568063259,0,
00:00:08.184,0.00836505554616451,6.7420638515614E-05,0.00448592146858573,0,
00:00:08.188,0.00532003026455641,-0.00100540101993829,0.00947725120931864,0,
00:00:08.192,-0.00497056404128671,-0.00116494332905859,0.0168792475014925,0,
00:00:08.196,-0.00716612627729774,-0.00277883093804121,-0.000656602263916284,0,
00:00:08.2,-0.0107663758099079,0.00188522867392749,-0.0110778072848916,0,
00:00:08.204,0.00938854552805424,0.00404903804883361,-0.0157507173717022,0,
00:00:08.208,-0.00533154979348183,-0.00135058606974781,-0.0104456068947911,0,
00:00:08.212,0.00582238752394915,-0.00423143757507205,0.00525879859924316,0,
00:00:08.216,0.00767624098807573,-0.00118450447916985,0.0149938492104411,0,
00:00:08.22,0.00166825472842902,0.00585291581228375,0.00662563089281321,0,
00:00:08.224,-0.00131145468913019,0.00481034722179174,-0.00440180953592062,0,
00:00:08.228,-0.00882256310433149,-0.005447490606457,-0.00810455158352852,0,
00:00:08.232,-0.00290750013664365,-0.00282802991569042,0.011321865953505,0,
00:00:08.236,-0.00755848921835423,-0.00729717966169119,0.00266518164426088,0,
00:00:08.24,0.0142784873023629,0.00612315349280834,-0.00662433914840221,0,
00:00:08.244,-0.00153546291403472,0.00165346509311348,-0.00440050289034843,0,
00:00:08.248,0.000313907774398103,0.00130266370251775,-0.00659778108820319,0,
00:00:08.252,0.0052594686858356,0.0032991599291563,0.0118893999606371,0,
00:00:08.256,0.00296215014532208,0.000694631889928132,-0.00550476461648941,0,
00:00:08.26,-0.00939869694411755,-0.00385193875990808,-0.0107714273035526,0,
00:00:08.264,-0.00195198622532189,0.00154332374222577,0.000321781320963055,0,
00:00:08.268,0.000406621227739379,-0.00208982499316335,0.00839770492166281,0,
00:00:08.272,0.000835646409541368,0.000150260035297833,0.0192849393934011,0,
00:00:08.276,-0.00762998079881072,-0.000355753698386252,-0.00127857329789549,0,
00:00:08.28,0.00831625983119011,-0.00491963978856802,-0.00462428340688348,0,
00:00:08.284,0.0171576142311096,-0.00280204508453608,-0.00351290707476437,0,
00:00:08.288,-0.0215394981205463,0.00509886536747217,-0.0146734239533544,0,
00:00:08.292,0.00236616539768875,0.0076512205414474,-0.00627900892868638,0,
00:00:08.296,0.00080163573147729,0.00888865347951651,0.00579636311158538,0,
00:00:08.3,0.00100498413667083,-0.0102079231292009,0.00619199778884649,0,
00:00:08.304,0.00319410231895745,-0.00913207605481148,-0.0072000827640295,0,
00:00:08.308,0.00293169170618057,0.00396624905988574,0.0186490043997765,0,
00:00:08.312,-0.00127258966676891,-0.000820020097307861,0.0202548764646053,0,
00:00:08.316,-0.01601835899055,-0.00233114161528647,-0.0283674020320177,0,
00:00:08.32,-0.00160967733245343,0.00104107265360653,0.00730981072410941,0,
00:00:08.324,0.02274757809937,0.00526209687814116,-0.0107217496261001,0,
00:00:08.328,0.00190661719534546,0.00299386261031032,-0.0146212941035628,0,
00:00:08.332,-0.0039283474907279,-0.00243749842047691,-0.000748091842979193,0,
00:00:08.336,-0.0080782687291503,-0.000299487088341266,0.0098178768530488,0,
00:00:08.34,-0.000437014125054702,0.00760126393288374,0.0114602763205767,0,
00:00:08.344,-0.00179617898538709,-0.0110888089984655,0.0150358742102981,0,
00:00:08.348,-0.00245053111575544,-0.00964237935841084,-0.00536113465204835,0,
00:00:08.352,-0.00306544452905655,0.0045829969458282,-0.0206215269863606,0,
00:00:08.356,0.0114167165011168,0.0112423785030842,0.0131768612191081,0,
00:00:08.36,0.00451738620176911,-0.00187536783050746,0.00690265139564872,0,
00:00:08.364,-0.00347069348208606,-0.00100989150814712,-0.0214071907103062,0,
00:00:08.368,-0.0102444132789969,-0.00702787609770894,-0.00202242657542229,0,
00:00:08.372,0.0144240325316787,0.00527417054399848,-0.00256509752944112,0,
00:00:08.376,-0.00679083215072751,0.0128252971917391,0.0244031343609095,0,
00:00:08.38,-0.00859508104622364,-0.0116421058773994,-9.79528267635033E-05,0,
00:00:08.384,0.00546029023826122,-0.00712866382673383,-0.0157500132918358,0,
00:00:08.388,0.00942344311624765,-0.000425775331677869,-0.000195397486095317,0,
00:00:08.392,-0.000736224988941103,0.00976234208792448,0.00871159601956606,0,
00:00:08.396,-0.0113841071724892,-0.001945412135683,-0.00656055379658937,0,
00:00:08.4,0.00129732512868941,0.00147402926813811,0.00565006770193577,0,
00:00:08.404,-0.00725333765149117,-0.00646085990592837,0.0118167167529464,0,
00:00:08.408,0.00923073012381792,-7.49000828363933E-05,-0.00908753834664822,0,
00:00:08.412,0.00572050176560879,0.0069282678887248,-0.0122604137286544,0,
00:00:08.416,-0.00075041368836537,0.000777322857175022,-0.00610234355553985,0,
00:00:08.42,0.000256094906944782,-0.00207283534109592,0.00971767771989107,0,
00:00:08.424,0.00101556570734829,-0.00439839065074921,-0.0063124536536634,0,
00:00:08.428,-0.00595916574820876,-0.00134447368327528,0.0116786230355501,0,
00:00:08.432,0.00282825343310833,0.00777421239763498,0.0169705431908369,0,
00:00:08.436,-0.00322801596485078,0.000701906159520149,-0.00957213249057531,0,
00:00:08.44,-0.00416303006932139,-0.00712609989568591,-0.00975786335766315,0,
00:00:08.444,0.00871855020523071,0.000748968159314245,-0.0072237984277308,0,
00:00:08.448,-0.000205290605663322,-0.00449760258197784,0.0121324080973864,0,
00:00:08.452,-0.0193104725331068,0.00242154067382216,-0.00350608373992145,0,
00:00:08.456,0.0263143982738256,0.00854094512760639,-0.0110608292743564,0,
00:00:08.46,-0.00732653401792049,0.00111442210618407,0.00047196465311572,0,
00:00:08.464,-0.00382729666307569,-0.00473351730033755,0.0128459837287664,0,
00:00:08.468,0.0101043283939362,0.00291838776320219,0.00272117974236608,0,
00:00:08.472,-0.010511877015233,-0.0104659339413047,-0.00588081730529666,0,
00:00:08.476,-0.00480831135064363,0.00462440634146333,0.00330989644862711,0,
00:00:08.48,0.00961819663643837,0.00674603600054979,0.00766987353563309,0,
00:00:08.484,-0.00798285380005836,-0.00327188055962324,-0.0161027032881975,0,
00:00:08.488,0.000919341051485389,-0.0099788149818778,-0.00845851749181747,0,
00:00:08.492,0.0143658043816686,0.00478543154895306,0.0137451533228159,0,
00:00:08.496,-0.0129915028810501,0.00812668073922396,0.00936710555106401,0,
00:00:08.5,0.00267033348791301,0.000455932255135849,-0.00647440226748586,0,
00:00:08.504,0.00107696407940239,-0.00689956545829773,-0.00203951308503747,0,
00:00:08.508,-0.0064657861366868,0.00113462656736374,0.00288706063292921,0,
00:00:08.512,0.00932988524436951,0.00186361756641418,-0.0194626934826374,0,
00:00:08.516,0.00660155201330781,0.000420711934566498,0.0225728675723076,0,
00:00:08.52,-0.0130135286599398,0.0013014969881624,-0.00464676367118955,0,
00:00:08.524,-0.00783041771501303,-0.0030274607706815,-0.00442795408889651,0,
00:00:08.528,0.00563775561749935,-0.00436317501589656,-0.00312065961770713,0,
00:00:08.532,0.0128429206088185,0.00175293174106628,-0.000693665817379951,0,
00:00:08.536,-0.0175502859055996,0.00285920198075473,0.0201559849083424,0,
00:00:08.54,0.0226423535495996,0.00584032572805882,-0.00911236740648746,0,
00:00:08.544,-0.0137024344876409,-0.0100386533886194,-0.0102533986791968,0,
00:00:08.548,-0.00631393771618605,-0.00232829013839364,0.00333909201435745,0,
00:00:08.552,0.00949725043028593,0.0137614347040653,-0.0027417135424912,0,
00:00:08.556,-0.00130187429022044,-0.00313177658244967,0.0104721691459417,0,
00:00:08.56,0.00369055545888841,-0.00112388073466718,-0.00897621735930443,0,
00:00:08.564,-0.00253785797394812,-0.00621780194342136,-0.00289521273225546,0,
00:00:08.568,-0.0121892122551799,-0.00039864971768111,0.004626146517694,0,
00:00:08.572,0.00559851946309209,-0.000210608122870326,0.00433042179793119,0,
00:00:08.576,0.000309499999275431,0.00181309494655579,0.00756982900202274,0,
00:00:08.58,-0.00227419612929225,0.00460867490619421,-0.00715080369263887,0,
00:00:08.584,0.0235906857997179,-0.000238579130382277,-0.0133558735251427,0,
00:00:08.588,-0.00818104483187199,-0.00130318524315953,0.00984686892479658,0,
00:00:08.592,-0.00598112028092146,0.00944035593420267,-0.00333854160271585,0,
00:00:08.596,-0.0116386786103249,-0.0122682610526681,0.0111841382458806,0,
00:00:08.6,0.00050129386363551,-0.0102931270375848,-0.0216759126633406,0,
00:00:08.604,-0.00397336157038808,0.0090692350640893,0.0245016291737556,0,
00:00:08.608,0.00337653979659081,0.00593502027913928,0.00174028403125703,0,
00:00:08.612,0.0223867297172546,0.00147009582724422,-0.0143276415765285,0,
00:00:08.616,-0.000900962448213249,-0.0036197192966938,-0.000149644081830047,0,
00:00:08.62,-0.0191541351377964,-0.00044532265746966,-0.00276794843375683,0,
00:00:08.624,0.00440515531226993,-0.0021798349916935,-0.0126823624596,0,
00:00:08.628,-0.000867138849571347,-0.00251921103335917,0.0120257660746574,0,
00:00:08.632,0.0167576819658279,0.00520999869331717,0.0188605263829231,0,
00:00:08.636,-0.0100020626559854,0.00328613282181323,-0.0034526779782027,0,
00:00:08.64,-0.0152467554435134,0.0016788475913927,-0.00582067528739572,0,
00:00:08.644,0.000416345981648192,-0.00650828657671809,-0.000693398527801037,0,
00:00:08.648,0.0126740802079439,-0.00623535457998514,-0.0124912392348051,0,
00:00:08.652,5.16501313541085E-05,0.00839839782565832,0.0131060210987926,0,
00:00:08.656,-0.00844899192452431,-0.00153535162098706,-0.00804541632533073,0,
00:00:08.66,0.0111419018357992,0.000198747526155785,-0.00255807465873659,0,
00:00:08.664,-0.00268408888950944,0.00232410151511431,-0.0075834016315639,0,
00:00:08.668,-0.00357578182592988,-0.00829150062054396,0.0351270362734795,0,
00:00:08.672,0.00122200255282223,0.00192649906966835,-0.0146585032343864,0,
00:00:08.676,-0.00900880433619022,0.00647923769429326,-0.00690949195995927,0,
00:00:08.68,0.0162911713123322,0.00293019833043218,0.0184942632913589,0,
00:00:08.684,0.00157132709864527,-0.00333196320571005,-0.0339863337576389,0,
00:00:08.688,-0.000783431809395552,0.000897077843546867,0.0007846315857023,0,
00:00:08.692,-0.0133992554619908,-0.000965053797699511,0.0131583195179701,0,
00:00:08.696,6.53209863230586E-05,-0.00869772862643003,0.0130869466811419,0,
00:00:08.7,-0.0133715812116861,-0.000367838045349345,-0.011020315811038,0,
00:00:08.704,0.0223060809075832,0.00401375163346529,-0.00742411892861128,0,
00:00:08.708,0.0119371684268117,0.00844819564372301,0.00321768806315959,0,
00:00:08.712,-0.00634424900636077,0.00039138289866969,0.0119944782927632,0,
00:00:08.716,-0.0282219648361206,-0.00741754192858934,0.00183069217018783,0,
00:00:08.72,0.0308543723076582,0.00262145278975368,0.00591178378090262,0,
00:00:08.724,-0.00552303064614534,0.00161882408428937,-0.0238164234906435,0,
00:00:08.728,-0.00220431503839791,-0.00529170362278819,-0.0141535559669137,0,
00:00:08.732,-0.0225311443209648,-0.00456580938771367,0.0151056637987494,0,
00:00:08.736,0.00556888710707426,0.00339082069694996,0.0189147740602493,0,
00:00:08.74,0.00624019280076027,0.00477403495460749,0.00921272858977318,0,
00:00:08.744,0.0246265009045601,0.000658286910038441,-0.016813088208437,0,
00:00:08.748,0.00476034032180905,0.00618892535567284,-0.0282182674854994,0,
00:00:08.752,-0.0231532994657755,0.000223371564061381,0.0214730240404606,0,
00:00:08.756,-0.0128382230177522,-0.0110547002404928,0.0130881294608116,0,
00:00:08.76,0.0043728300370276,-0.00376955699175596,0.00268406420946121,0,
00:00:08.764,-0.00482239434495568,-0.00253179902210832,-0.0167723707854748,0,
00:00:08.768,0.0394208990037441,0.0117595577612519,-0.0090532386675477,0,
00:00:08.772,-0.0194244831800461,0.00442390982061625,-0.00180729117710143,0,
00:00:08.776,-0.0150297014042735,0.000449186161858961,0.024404626339674,0,
00:00:08.78,0.00325600011274219,-0.0142994858324528,0.00692834099754691,0,
00:00:08.784,0.0015069181099534,0.00500711658969522,-0.00399293471127748,0,
00:00:08.788,-0.00173320202156901,0.00314958044327796,-0.0223642848432064,0,
00:00:08.792,0.00235260394401848,-0.00156341108959168,-0.00303688854910433,0,
00:00:08.796,0.0191404707729816,-0.0032026011031121,0.00394777441397309,0,
00:00:08.8,-0.0040443460457027,0.00227585365064442,0.0133132198825479,0,
00:00:08.804,4.75362467113882E-05,0.00892233848571777,0.00188652030192316,0,
00:00:08.808,-0.0255302712321281,-0.00689715426415205,-0.00886384304612875,0,
00:00:08.812,5.33192287548445E-05,0.000702228222507983,-0.00343114859424531,0,
00:00:08.816,0.00618466502055526,-0.00201055011712015,0.0173230674117804,0,
00:00:08.82,-0.00741173233836889,-0.00783170480281115,0.00555916363373399,0,
00:00:08.824,0.0204219594597816,0.00157293083611876,-0.0199597086757421,0,
00:00:08.828,0.0146480146795511,0.00975336227566004,-0.00182981870602816,0,
00:00:08.832,-0.00799425225704908,0.00291552767157555,-0.0147368060424924,0,
00:00:08.836,-0.00564115028828382,-0.00142632226925343,0.000425402773544192,0,
00:00:08.84,-0.00881738867610693,-0.000867152179125696,0.0458162613213062,0,
00:00:08.844,-0.0137798106297851,-0.00230395421385765,-0.0178608577698469,0,
00:00:08.848,-0.000817467516753823,-0.00254645058885217,-0.0107558621093631,0,
00:00:08.852,0.0175487156957388,-0.00769076216965914,-0.00316264224238694,0,
00:00:08.856,0.0174526069313288,0.00385401817038655,0.0099297259002924,0,
00:00:08.86,-0.0120024653151631,0.00791554991155863,-0.00065677659586072,0,
00:00:08.864,-0.0138303712010384,0.001357875415124,-0.008237324655056,0,
00:00:08.868,-0.0177128836512566,-0.00361745874397457,-0.0074777789413929,0,
00:00:08.872,0.0314704962074757,-7.33966080588289E-05,0.00841140002012253,0,
00:00:08.876,0.0401034653186798,0.00238080974668264,0.00596158998087049,0,
00:00:08.88,-0.0314436294138432,0.00407854933291674,0.00855971686542034,0,
00:00:08.884,-0.0448897890746593,-0.0101420003920794,-0.00663799373432994,0,
00:00:08.888,0.00564959133043885,-0.0035805522929877,0.00533126946538687,0,
00:00:08.892,0.0228507611900568,-0.000307739537674934,-0.014532633125782,0,
00:00:08.896,0.00334321800619364,0.00787056423723698,-0.00854457262903452,0,
00:00:08.9,2.97188125841785E-06,-0.00138348608743399,-0.00229740818031132,0,
00:00:08.904,0.00475666485726833,-0.000492877908982337,0.00933723244816065,0,
00:00:08.908,0.00726913893595338,0.0181161463260651,0.0185857266187668,0,
00:00:08.912,-0.0150664020329714,-0.007693478371948,0.00567084085196257,0,
00:00:08.916,-0.00108890642877668,-0.0161163322627544,-0.00877911597490311,0,
00:00:08.92,-0.00263260095380247,-0.00460317451506853,-0.00888754893094301,0,
00:00:08.924,-0.00367815676145256,0.00146957754623145,-0.0104251485317945,0,
00:00:08.928,0.0109009994193912,0.00611869618296623,-0.0126017350703478,0,
00:00:08.932,0.00435388647019863,0.00627158163115382,0.0187263246625662,0,
00:00:08.936,-0.00538698118180037,0.00748491566628218,0.0172178335487843,0,
00:00:08.94,0.00241480930708349,7.20322786946781E-05,-0.00978404562920332,0,
00:00:08.944,-0.00807000789791346,-0.00538507848978043,-0.000153259607031941,0,
00:00:08.948,-0.00708441808819771,-0.012360124848783,-0.00657605286687613,0,
00:00:08.952,0.0340870432555676,0.00235250452533364,-0.00442874897271395,0,
00:00:08.956,-0.0150948874652386,0.00467855390161276,0.0145872076973319,0,
00:00:08.96,-0.0172263756394386,0.000440331757999957,0.012154184281826,0,
00:00:08.964,0.00351283699274063,0.00198070309124887,-0.025327030569315,0,
00:00:08.968,-0.0126647399738431,-0.00378172588534653,-0.00829809438437223,0,
00:00:08.972,0.0266733355820179,0.000788638659287244,0.0102531183511019,0,
00:00:08.976,0.00202481355518103,0.00384503067471087,0.00656527327373624,0,
00:00:08.98,-0.00345642608590424,-0.000947715656366199,0.00178544607479125,0,
00:00:08.984,-0.00695342989638448,-0.00375641649588943,-0.0200771801173687,0,
00:00:08.988,-0.0181085653603077,0.00318286218680441,0.0133426710963249,0,
00:00:08.992,0.0350155606865883,0.00181152659934014,0.0254015903919935,0,
00:00:08.996,-0.00784826092422009,-0.00704158330336213,-0.00716816727072001,0,
00:00:09,-0.0066379732452333,0.00598245812579989,-0.0151714300736785,0,
00:00:09.004,-0.0191789716482162,-0.00491488492116332,-0.0163628440350294,0,
00:00:09.008,0.0161582268774509,0.00430250773206353,1.85384783435438E-06,0,
00:00:09.012,0.0102913584560156,0.00271575665101409,0.0212896056473255,0,
00:00:09.016,-0.00412950804457068,-0.00491895247250795,-0.00663887010887265,0,
00:00:09.02,-0.0060176569968462,-0.000685250211972743,-0.000835081969853491,0,
00:00:09.024,-0.00294778496026993,0.00506279338151217,0.00641659647226334,0,
00:00:09.028,0.00253452057950199,-0.00917995348572731,-0.00992242246866226,0,
00:00:09.032,-0.0101500311866403,0.00519529217854142,0.0116691524162889,0,
00:00:09.036,0.0124664455652237,0.00669172499328852,0.0120203178375959,0,
00:00:09.04,0.0154649680480361,-0.00371075444854796,-0.0220846030861139,0,
00:00:09.044,-0.0182397197932005,-0.00634886743500829,-0.000893777993042022,0,
00:00:09.048,-0.000784217612817883,0.00253273989073932,0.00727305328473449,0,
00:00:09.052,0.00508204754441977,-0.00350954849272966,-0.0126973884180188,0,
00:00:09.056,-0.000301962718367577,0.0065009007230401,0.00847127474844456,0,
00:00:09.06,-0.00403880653902888,0.00391596974804997,0.000879648374393582,0,
00:00:09.064,-0.00156147649977356,-0.00287977722473443,-0.00393527233973145,0,
00:00:09.068,0.00125884020235389,-0.0034110345877707,0.000694929796736687,0,
00:00:09.072,-0.00181741418782622,0.000524755334481597,0.00616840831935406,0,
00:00:09.076,0.00987501535564661,-0.00371473003178835,-0.00636998284608126,0,
00:00:09.08,0.00193222356028855,-0.00256232055835426,0.0140168536454439,0,
00:00:09.084,-0.00128702819347382,0.00868018995970488,0.0161181781440973,0,
00:00:09.088,0.00384662207216024,0.00706936931237578,-0.011050715111196,0,
00:00:09.092,-0.0165238082408905,-0.00717345252633095,-0.0114553896710277,0,
00:00:09.096,-0.0110567007213831,-0.00397895276546478,-0.0317861773073673,0,
00:00:09.1,0.00888827163726091,-0.000929059518966824,-0.000810968340374529,0,
00:00:09.104,0.00645333155989647,0.00303316116333008,0.0223890151828527,0,
00:00:09.108,0.00490380031988025,-0.000471785926492885,0.0115381740033627,0,
00:00:09.112,0.00241820118390024,-0.00260425894521177,0.00255630095489323,0,
00:00:09.116,0.00602795276790857,0.00633310340344906,0.00368610164150596,0,
00:00:09.12,0.000502070819493383,0.00454595219343901,-0.0014567383332178,0,
00:00:09.124,-0.0150547372177243,-0.0105552058666945,-0.0092921881005168,0,
00:00:09.128,-0.00868265517055988,-0.00601367698982358,-0.00134885415900499,0,
00:00:09.132,-0.00498929200693965,0.00361768924631178,0.000271354685537517,0,
00:00:09.136,0.0209111478179693,0.00547737162560225,0.000112945970613509,0,
00:00:09.14,0.00984822027385235,0.00331716751679778,0.0102786859497428,0,
00:00:09.144,-0.0211012940853834,0.00448079500347376,-0.00574841676279902,0,
00:00:09.148,0.00962689705193043,-0.00765219889581203,-0.00989572517573833,0,
00:00:09.152,0.00126239750534296,-0.00337115023285151,-0.0120343193411827,0,
00:00:09.156,0.000260368746239692,0.00195429031737149,0.0147086093202233,0,
00:00:09.16,0.000216255619307049,-0.000516886473633349,0.0017164449673146,0,
00:00:09.164,-0.0023922729305923,0.00409065233543515,0.00360105209983885,0,
00:00:09.168,-0.0052611269056797,-0.00115038303192705,-0.00137367320712656,0,
00:00:09.172,-0.00416011130437255,-0.00640075979754329,-0.00588845741003752,0,
00:00:09.176,-0.00695930933579803,0.00265512894839048,0.0387268699705601,0,
00:00:09.18,0.020741818472743,0.00333413551561534,-0.00893745757639408,0,
00:00:09.184,0.0133029278367758,-0.000841499597299844,-0.0421660244464874,0,
00:00:09.188,-0.01792555116117,0.00128318893257529,-0.0160013623535633,0,
00:00:09.192,-0.00878585781902075,-0.00186564831528813,0.0265637263655663,0,
00:00:09.196,0.00401354441419244,0.00102071184664965,0.0188561100512743,0,
00:00:09.2,-0.00175331649370492,-0.00166134675964713,-0.00273712282069027,0,
00:00:09.204,-0.00304285157471895,-0.00483597628772259,-0.00498935161158443,0,
00:00:09.208,0.00544511713087559,0.00457707047462463,-0.0167567040771246,0,
00:00:09.212,0.037691242992878,0.0106208296492696,0.0117559479549527,0,
00:00:09.216,-0.0325338169932365,-0.00476988358423114,0.00573248183354735,0,
00:00:09.22,-0.0213838033378124,-0.00435601035133004,0.000469914550194517,0,
00:00:09.224,0.0199826080352068,-0.00488495593890548,-0.00649369321763515,0,
00:00:09.228,0.00215474818833172,0.00118893187027425,0.00537640042603016,0,
00:00:09.232,-0.00954911671578884,0.00242488924413919,-0.00647511286661029,0,
00:00:09.236,0.00114941969513893,0.00368035072460771,0.00490390788763762,0,
00:00:09.24,-0.00176126963924617,-0.00365691189654171,0.00627491762861609,0,
00:00:09.244,0.00935346912592649,-0.00630110735073686,-0.0123316943645477,0,
00:00:09.248,0.0058782477863133,0.0046915546990931,-0.00929399486631155,0,
00:00:09.252,-0.00256399670615792,0.0074906013906002,0.00586278364062309,0,
00:00:09.256,-0.00230075744912028,0.00225417851470411,0.00412128726020455,0,
00:00:09.26,-0.00285016233101487,0.00154929968994111,0.014829465188086,0,
00:00:09.264,-0.00230520172044635,-0.00403809687122703,-0.0149941882118583,0,
00:00:09.268,-0.017541391775012,-0.0186508242040873,-0.00783113483339548,0,
00:00:09.272,0.0411149524152279,0.00336093502119184,0.0267868600785732,0,
00:00:09.276,-0.00114489870611578,0.0150381848216057,0.0182444956153631,0,
00:00:09.28,-0.0354456193745136,-0.00190207210835069,-0.038950253278017,0,
00:00:09.284,-0.0111087625846267,-0.00574982585385442,-0.0104422140866518,0,
00:00:09.288,0.0133846616372466,0.000973422487732023,-0.0011772490106523,0,
00:00:09.292,0.0140663841739297,0.00496384501457214,0.00469996500760317,0,
00:00:09.296,0.0146678565070033,0.00205087242648005,0.00875421520322561,0,
00:00:09.3,-0.00260821590200067,-0.00134677672758698,0.00972967501729727,0,
00:00:09.304,-0.0106594255194068,-0.00693182833492756,-0.00896694976836443,0,
00:00:09.308,0.00297240749932826,0.00168707373086363,0.0135343028232455,0,
00:00:09.312,-0.00731212366372347,0.00244422373361886,0.00710754515603185,0,
00:00:09.316,-0.00769176566973329,0.00288045173510909,-0.0103624174371362,0,
00:00:09.32,0.00351674179546535,-0.00259595108218491,-0.0266979057341814,0,
00:00:09.324,0.00280287396162748,-0.00478084525093436,0.00554055627435446,0,
00:00:09.328,0.00251194834709167,-0.00515573052689433,0.0224162545055151,0,
00:00:09.332,-0.00870701484382153,0.0103643042966723,-0.00249417335726321,0,
00:00:09.336,-0.00412564212456346,0.00449347263202071,-0.00325597892515361,0,
00:00:09.34,0.0465459153056145,-0.000834245991427451,-0.00394802680239081,0,
00:00:09.344,-0.0100652985274792,-0.00327230244874954,-0.0152967525646091,0,
00:00:09.348,-0.04615343734622,-0.00924271158874035,-0.00344796758145094,0,
00:00:09.352,0.0211579278111458,0.00868328381329775,0.0184501986950636,0,
00:00:09.356,-0.00397961167618632,0.00537422485649586,0.0181643385440111,0,
00:00:09.36,0.00735145853832364,-0.00970940291881561,0.0087702302262187,0,
00:00:09.364,-0.00272232829593122,-0.00516938744112849,-0.0151301808655262,0,
00:00:09.368,-0.00425831414759159,0.00620372034609318,-0.0187562610954046,0,
00:00:09.372,-0.0119631113484502,0.00354496692307293,-0.0143865160644054,0,
00:00:09.376,0.0217552222311497,0.00552405416965485,0.00661287736147642,0,
00:00:09.38,0.0179562196135521,-0.00213355640880764,0.0252835899591446,0,
00:00:09.384,-0.00793514586985111,-0.00220877700485289,-0.00446373270824552,0,
00:00:09.388,-0.018273675814271,-0.00711835687980056,-0.00505045661702752,0,
00:00:09.392,-0.0116319470107555,-0.00460678432136774,-0.00396978622302413,0,
00:00:09.396,0.00540767051279545,0.000150906562339514,0.00887866504490376,0,
00:00:09.4,0.013020109385252,0.01389389205724,-0.00277474313043058,0,
00:00:09.404,-0.00243913335725665,0.00268148048780859,0.00250769895501435,0,
00:00:09.408,0.00169567996636033,-0.00484168203547597,-0.00926813203841448,0,
00:00:09.412,0.00291069317609072,0.00222221668809652,0.00626882072538137,0,
00:00:09.416,-0.00701114302501082,-0.00286838132888079,-0.00720138056203723,0,
00:00:09.42,0.00475907139480114,-0.00373095041140914,0.0014091890770942,0,
00:00:09.424,-0.0105726243928075,-0.00205898936837912,-0.00678553292527795,0,
00:00:09.428,-0.00515448302030563,-0.00611031195148826,0.0144090317189693,0,
00:00:09.432,0.0363945923745632,0.00949215050786734,0.00669973762705922,0,
00:00:09.436,-0.00788636412471533,0.00466845789924264,0.0107514439150691,0,
00:00:09.44,-0.0214771181344986,2.51950677920831E-05,-0.0175883695483208,0,
00:00:09.444,-0.00861641485244036,-0.00239082099869847,-0.0213483367115259,0,
00:00:09.448,-0.0139660052955151,-0.00461667450144887,-0.0100330216810107,0,
00:00:09.452,0.0254658982157707,-0.00357264582999051,0.0305750072002411,0,
00:00:09.456,0.0179268475621939,0.00968964397907257,0.0169019047170877,0,
00:00:09.46,0.011162287555635,0.00237302156165242,-0.00182054669130594,0,
00:00:09.464,-0.00914584379643202,-0.00894547812640667,-0.0262208636850119,0,
00:00:09.468,-0.0265437494963408,-0.000111995839688461,-0.00379500002600253,0,
00:00:09.472,-0.00832061842083931,0.000220810470636934,0.00158116978127509,0,
00:00:09.476,0.000384473125450313,0.00787725765258074,0.014861274510622,0,
00:00:09.48,0.0173055883497,-0.00186265236698091,0.0010278676636517,0,
00:00:09.484,-0.00356278149411082,-0.00775725115090609,0.0055320137180388,0,
00:00:09.488,0.0120440423488617,-9.75627481238917E-05,-0.00820243544876575,0,
00:00:09.492,0.0135860964655876,0.0115926517173648,-0.00530973076820374,0,
00:00:09.496,-0.0201771296560764,-0.00473186885938048,-0.00610663928091526,0,
00:00:09.5,-0.0128691410645843,-0.00518941460177302,0.000503103889059275,0,
00:00:09.504,0.0136178638786077,0.00094117975095287,0.00712745310738683,0,
00:00:09.508,-0.00126771524082869,0.00210520578548312,0.0116701200604439,0,
00:00:09.512,-0.0101810032501817,0.00121731159742922,-0.00670646969228983,0,
00:00:09.516,0.00213304348289967,3.59594341716729E-05,-0.00481144525110722,0,
00:00:09.52,0.00788074173033237,-0.000645105843432248,-0.0059174788184464,0,
00:00:09.524,0.00233939196914434,-0.00486396299675107,0.00241085654124618,0,
00:00:09.528,-0.00463723856955767,0.00354734878055751,0.000500880472827703,0,
00:00:09.532,0.00453245220705867,0.00326057779602706,0.0299532618373632,0,
00:00:09.536,-0.00421583512797952,0.000576243444811553,-0.0199320316314697,0,
00:00:09.54,-0.0105410162359476,-0.00140883366111666,-0.0191178619861603,0,
00:00:09.544,0.0401482284069061,0.000212704384466633,-0.00191330700181425,0,
00:00:09.548,-0.0267885494977236,-0.00109956681262702,0.00967613235116005,0,
00:00:09.552,-0.0140395183116198,-0.00382231129333377,0.0110105257481337,0,
00:00:09.556,0.00148742075543851,0.00285062752664089,-0.00255017075687647,0,
00:00:09.56,0.0109605491161346,-0.00461550429463387,0.0155326332896948,0,
00:00:09.564,-0.00435176258906722,-0.0030200993642211,-0.0225702077150345,0,
00:00:09.568,0.0195786003023386,0.00712396344169974,-0.00355763314291835,0,
00:00:09.572,-0.0244555920362473,0.00786522030830383,-0.00512328930199146,0,
00:00:09.576,-0.00797138549387455,0.00123498926404864,0.0261714160442352,0,
00:00:09.58,0.0176203977316618,-0.00598454149439931,-0.0156458131968975,0,
00:00:09.584,0.0269861835986376,-0.0113930962979794,-0.00906306505203247,0,
00:00:09.588,-0.00717657571658492,0.0125246485695243,0.0127216838300228,0,
00:00:09.592,-0.0391877479851246,-0.00387325789779425,0.00422949530184269,0,
00:00:09.596,-0.000516532163601369,-0.00176400900818408,0.00511136837303638,0,
00:00:09.6,0.0245845373719931,0.00444146245718002,-0.0131574766710401,0,
00:00:09.604,0.000835338665638119,-0.000636170676443726,-0.00774649064987898,0,
00:00:09.608,-0.0139028737321496,-0.00620198901742697,-0.000646902539301664,0,
00:00:09.612,-0.000334247917635366,-0.00367341004312038,0.0144289387390018,0,
00:00:09.616,0.00988305639475584,0.00904286094009876,0.0160401444882154,0,
00:00:09.62,-0.000507045886479318,-0.000237728367210366,-0.0139623610302806,0,
00:00:09.624,0.0134648084640503,0.0119371861219406,-0.00732815638184547,0,
00:00:09.628,-0.0114509100094438,-0.00906646903604269,-0.0118573242798448,0,
00:00:09.632,-0.00428626127541065,-0.0107975285500288,0.00315666268579662,0,
00:00:09.636,-0.0206790398806334,0.00187654653564095,0.0036516732070595,0,
00:00:09.64,0.0108488854020834,0.00676165753975511,0.0120355244725943,0,
00:00:09.644,0.0314781479537487,-0.00101175101008266,0.0115802902728319,0,
00:00:09.648,-0.0126329325139523,0.000818801345303655,-0.0126105453819036,0,
00:00:09.652,-0.0103682084009051,0.000281023938441649,-0.011238431558013,0,
00:00:09.656,-0.00175499636679888,-0.00261442316696048,-0.00477346731349826,0,
00:00:09.66,0.0118504157289863,0.00943139381706715,0.00368049903772771,0,
00:00:09.664,-0.0121548073366284,-0.00481442781165242,0.0112737668678164,0,
00:00:09.668,-0.00936762243509293,-0.0168604124337435,0.00990781094878912,0,
00:00:09.672,0.00647395988926291,0.00488770799711347,0.000963811122346669,0,
00:00:09.676,0.0111403819173574,0.0132227120921016,-0.0203920844942331,0,
00:00:09.68,0.019697668030858,-0.00692974869161844,0.00216137291863561,0,
00:00:09.684,-0.0112346122041345,0.00901186466217041,-0.004232507199049,0,
00:00:09.688,-0.0223667025566101,-0.00266604637727141,-0.00174799200613052,0,
00:00:09.692,-0.0215577241033316,0.00399015098810196,0.0148185230791569,0,
00:00:09.696,-0.0018935949774459,-0.01216503046453,-0.0032351587433368,0,
00:00:09.7,0.0779265016317368,-0.00232802145183086,0.00263425312004983,0,
00:00:09.704,-0.0127213513478637,0.000351992581272498,-0.00795745756477118,0,
00:00:09.708,-0.0270721204578877,0.00741958431899548,0.0117296632379293,0,
00:00:09.712,-0.024772509932518,0.00395140703767538,-0.00657287146896124,0,
00:00:09.716,-0.0127948317676783,-0.0029134931974113,-0.00635221833363175,0,
00:00:09.72,0.0331221111118793,-0.0012592610437423,-0.00105932913720608,0,
00:00:09.724,0.0112452004104853,-0.00547761097550392,0.00491783255711198,0,
00:00:09.728,-0.0032027477864176,-0.00132208014838398,0.00584423122927547,0,
00:00:09.732,-0.00589818367734551,0.00262723816558719,-0.00330603611655533,0,
00:00:09.736,-0.00589744234457612,0.00784808862954378,-0.00524536799639463,0,
00:00:09.74,-0.00312805594876409,0.00469668302685022,0.00964850187301636,0,
00:00:09.744,0.0210188962519169,-0.00883142650127411,0.00115907995495945,0,
00:00:09.748,0.00553867593407631,-0.00641537271440029,-0.0107619445770979,0,
00:00:09.752,-0.0331894084811211,0.00161424942780286,-0.00556050380691886,0,
00:00:09.756,-0.00735786138102412,0.00966961868107319,0.0122190378606319,0,
00:00:09.76,0.00403049075976014,-0.0077804196625948,-0.0106665715575218,0,
00:00:09.764,0.00964004267007113,0.001573575893417,0.0046066758222878,0,
00:00:09.768,0.0254670958966017,0.00414870260283351,-0.00214089103974402,0,
00:00:09.772,0.00947336573153734,-0.00798836257308722,0.0311454143375158,0,
00:00:09.776,-0.0142603823915124,0.00316077680326998,-0.0123567739501595,0,
00:00:09.78,-0.0300775188952684,0.00139269325882196,-0.028910405933857,0,
00:00:09.784,0.0060767843388021,-0.00146228668745607,-0.00765851000323892,0,
00:00:09.788,-0.000607413414400071,0.00834354851394892,0.0113347573205829,0,
00:00:09.792,0.00119586405344307,-0.000300211977446452,0.0308603439480066,0,
00:00:09.796,0.00605633622035384,-0.0110821845009923,0.000712779990863055,0,
00:00:09.8,0.0276098046451807,-0.000896424462553114,-0.0226672627031803,0,
00:00:09.804,-0.00755328964442015,-0.00144082377664745,-0.0105600357055664,0,
00:00:09.808,-0.0326813012361526,0.00252271234057844,0.012459552846849,0,
00:00:09.812,-0.0010904575465247,0.00442755175754428,-0.00607070466503501,0,
00:00:09.816,0.0131243309006095,0.00756532372906804,0.0174610577523708,0,
00:00:09.82,0.0146945687010884,0.0053542098030448,-0.00626169051975012,0,
00:00:09.824,-0.00100054568611085,-0.00813718792051077,-0.0119367707520723,0,
00:00:09.828,-0.0103980461135507,-0.010814193636179,0.00777043728157878,0,
00:00:09.832,-0.00553555693477392,-0.00604742299765348,-0.00250926264561713,0,
00:00:09.836,0.0133972279727459,0.00460956804454327,0.00939733441919088,0,
00:00:09.84,0.00472466973587871,0.00903876777738333,0.00661336211487651,0,
00:00:09.844,-0.0407924354076386,0.000490063801407814,-0.0254296846687794,0,
00:00:09.848,0.0310427248477936,0.00328987115062773,-0.0109200030565262,0,
00:00:09.852,0.00157404399942607,-0.00222879438661039,0.0325562208890915,0,
00:00:09.856,0.0193752124905586,-0.00312835490331054,-0.00039270386332646,0,
00:00:09.86,-0.0311119761317968,-0.00186933018267155,-0.00783981010317802,0,
00:00:09.864,-0.00886064022779465,0.00390708260238171,0.00119659572374076,0,
00:00:09.868,0.0333463735878468,-0.00108700676355511,-0.00846174359321594,0,
00:00:09.872,-0.0149209480732679,-0.00217020325362682,0.00344158452935517,0,
00:00:09.876,-0.0200888700783253,-0.0053675277158618,0.00384525908157229,0,
00:00:09.88,0.0260442458093166,0.00409190775826573,-0.00939198769629002,0,
00:00:09.884,-0.0108245043084025,0.000106523089925759,0.00447157770395279,0,
00:00:09.888,0.0115915630012751,0.00329824956133962,0.0186341814696789,0,
00:00:09.892,-0.00179684418253601,0.00424105767160654,-0.00490567553788424,0,
00:00:09.896,-0.00994373299181461,-0.00407012458890677,-0.00642096856608987,0,
00:00:09.9,-0.0065642106346786,0.00302455248311162,-0.0212628673762083,0,
00:00:09.904,0.00401160214096308,-0.00210618623532355,0.00349473743699491,0,
00:00:09.908,0.0169150102883577,-0.0074006337672472,0.00457816850394011,0,
00:00:09.912,-0.013930631801486,-7.46696750866249E-05,0.00998351909220219,0,
00:00:09.916,-0.00171576510183513,0.00520384917035699,0.0217040777206421,0,
00:00:09.92,0.0265462882816792,0.00113229663111269,-0.0102468440309167,0,
00:00:09.924,-0.0282422099262476,0.001954231178388,-0.0163911581039429,0,
00:00:09.928,0.005840253084898,-0.00230399728752673,0.0113433264195919,0,
00:00:09.932,-0.00220670038834214,-0.00396650470793247,-0.0134969931095839,0,
00:00:09.936,-0.00143034080974758,0.00787736847996712,-0.00812043901532888,0,
00:00:09.94,-0.00303171132691205,-0.00767957977950573,0.00265233474783599,0,
00:00:09.944,0.000155919493408874,0.000173080683453009,0.00418329332023859,0,
00:00:09.948,0.00922613125294447,0.00665410002693534,0.0136380027979612,0,
00:00:09.952,0.0288824886083603,0.00211377954110503,0.00676964456215501,0,
00:00:09.956,-0.0258093345910311,-0.00885467324405909,0.00412722351029515,0,
00:00:09.96,-0.0324397496879101,-0.00854423642158508,-0.0208791308104992,0,
00:00:09.964,0.0170002169907093,0.0120388101786375,0.00087374821305275,0,
00:00:09.968,0.0290571060031652,0.00620515737682581,0.00729428278282285,0,
00:00:09.972,-0.0186832547187805,-0.00460275961086154,-0.00769938994199038,0,
00:00:09.976,0.000513770326506346,6.68184802634642E-05,-0.00709084374830127,0,
00:00:09.98,0.0082168597728014,0.00150515232235193,-0.00513083953410387,0,
00:00:09.984,-0.0170901268720627,-0.00768574187532067,0.00386812118813396,0,
00:00:09.988,-0.00161164940800518,-0.0033267680555582,0.0315210707485676,0,
00:00:09.992,-0.0028274345677346,0.00643406808376312,-0.00168355403002352,0,
00:00:09.996,0.0117835281416774,0.000640195037703961,0.00447196420282125,0,
00:00:10,0.0303342714905739,0.0086280656978488,-0.0237825345247984,0,
00:00:10.004,-0.0196880791336298,-0.00709399254992604,-0.0209048241376877,0,
00:00:10.008,-0.0201810095459223,-0.00170775526203215,-0.00360138923861086,0,
00:00:10.012,-0.00365217123180628,-0.000372140464605764,0.0202309805899858,0,
00:00:10.016,0.0123646063730121,-0.00845530536025763,0.0182427186518908,0,
00:00:10.02,0.00640154676511884,0.00787288323044777,-0.00203372747637331,0,
00:00:10.024,-0.0181633364409208,0.0108755379915237,-0.00900661386549473,0,
00:00:10.028,-0.00562800234183669,-0.00916843302547932,-0.00724516855552793,0,
00:00:10.032,0.077199749648571,0.00167495629284531,0.0164358224719763,0,
00:00:10.036,-0.0354494974017143,-0.00127090851310641,-0.00128382793627679,0,
00:00:10.04,-0.0424462780356407,-0.00391518138349056,-0.0207777228206396,0,
00:00:10.044,-0.014481364749372,-0.00523701868951321,0.00475434446707368,0,
00:00:10.048,0.0272168088704348,0.00979893375188112,0.00332249258644879,0,
00:00:10.052,0.00613575428724289,-0.000163627308211289,0.0027188251260668,0,
00:00:10.056,0.00236663478426635,0.00502033112570643,-0.00447297655045986,0,
00:00:10.06,0.0167494956403971,-0.00181611953303218,0.00648569921031594,0,
00:00:10.064,-0.00619635777547956,-0.00815752428025007,0.00868288893252611,0,
00:00:10.068,-0.0217399839311838,-0.00318793440237641,0.0061344257555902,0,
00:00:10.072,-0.00164385500829667,0.00848795752972364,-0.0143688591197133,0,
00:00:10.076,0.017164584249258,-0.00156746304128319,-0.0181853603571653,0,
00:00:10.08,-0.00914351455867291,-0.00365772261284292,-0.00920576974749565,0,
00:00:10.084,0.00935534108430147,0.0086829187348485,0.0108890477567911,0,
00:00:10.088,0.00190761173143983,-0.000654937699437141,0.0414537340402603,0,
00:00:10.092,-0.010282807983458,-0.00545873120427132,-0.00845070835202932,0,
00:00:10.096,-0.00567374797537923,0.00767903262749314,-0.0237294193357229,0,
00:00:10.1,-0.00280157360248268,-0.00700901728123426,-0.0165721084922552,0,
00:00:10.104,0.0171720217913389,-0.00362433679401875,0.0412788353860378,0,
00:00:10.108,-0.00219015590846539,-0.00439401296898723,0.00213770312257111,0,
00:00:10.112,0.0164118483662605,0.00570972124114633,-0.0192164890468121,0,
00:00:10.116,-0.0378018021583557,0.00126948149409145,-0.0150470491498709,0,
00:00:10.12,-0.00161868275608867,0.00365397962741554,-0.0116473278030753,0,
00:00:10.124,0.0441485494375229,0.00188968260772526,0.0134472269564867,0,
00:00:10.128,-0.0213550329208374,0.00153396173845977,0.00239010341465473,0,
00:00:10.132,-0.0134039064869285,-0.00387371703982353,0.0207399744540453,0,
00:00:10.136,0.0154949426651001,0.000616172968875617,0.0065456023439765,0,
00:00:10.14,-0.0200659390538931,-0.00518233934417367,-0.0101607795804739,0,
00:00:10.144,0.0264719594269991,-0.000452821230283007,-0.000349591398844495,0,
00:00:10.148,-0.00909680873155594,0.00130629411432892,-0.010748335160315,0,
00:00:10.152,-0.0124780172482133,-0.000626201916020364,-0.0156546346843243,0,
00:00:10.156,1.90234131878242E-05,0.000791045895311981,0.0116272773593664,0,
00:00:10.16,0.00826568808406591,0.00177964894101024,0.000694469141308218,0,
00:00:10.164,0.00417937152087688,0.00152650801464915,-0.00799229368567467,0,
00:00:10.168,0.0136773968115449,0.000550563971046358,0.0204937644302845,0,
00:00:10.172,-0.0105799352750182,0.00583191541954875,0.0266507919877768,0,
00:00:10.176,-0.0135443462058902,-0.0067899189889431,-0.0206354130059481,0,
00:00:10.18,-0.00433413684368134,-0.0119651239365339,-0.0223724562674761,0,
00:00:10.184,0.00391276506707072,0.00494158081710339,-0.0104254027828574,0,
00:00:10.188,0.0130203142762184,0.00947261042892933,0.0126492381095886,0,
00:00:10.192,-0.00497697992250323,0.00391020346432924,0.00956637505441904,0,
00:00:10.196,0.00682081514969468,-0.00191903044469655,-0.00268536317162216,0,
00:00:10.2,-0.000401844939915463,-0.00644743070006371,0.00060487724840641,0,
00:00:10.204,-0.00653965026140213,-0.005784522742033,0.00162544567137957,0,
00:00:10.208,-0.0128907645121217,8.51536315167323E-05,-0.00529690226539969,0,
00:00:10.212,0.0197149273008108,0.0101878112182021,0.0284986197948456,0,
00:00:10.216,0.000940178753808141,0.000428547966293991,-0.0261615253984928,0,
00:00:10.22,-0.0166247822344303,-0.00667869346216321,-0.00457126088440418,0,
00:00:10.224,-0.0207382962107658,0.00802070274949074,-0.000457261427072808,0,
00:00:10.228,0.0277942232787609,-0.0034126341342926,-0.000133672627271153,0,
00:00:10.232,0.0591637715697289,-0.00421136897057295,0.00251237372867763,0,
00:00:10.236,-0.0561296604573727,0.000662408536300063,0.00563669763505459,0,
00:00:10.24,-0.0396295078098774,-0.000840380031149834,0.00479877134785056,0,
00:00:10.244,0.0357731506228447,0.000440129457274452,-0.0110231060534716,0,
00:00:10.248,0.0260570421814919,0.0035222100559622,0.00379826151765883,0,
00:00:10.252,-0.0174458641558886,-0.000567859795410186,0.00618568761274219,0,
00:00:10.256,-0.0401398241519928,-0.000967981002759188,-0.00358167802914977,0,
00:00:10.26,0.0278601683676243,0.00383681058883667,-0.0080786207690835,0,
00:00:10.264,0.014278594404459,-0.00372068607248366,0.000615588796790689,0,
00:00:10.268,-0.00343104172497988,-0.00291594909504056,0.00837151426821947,0,
00:00:10.272,0.0145161123946309,0.00193344964645803,-0.00436547352001071,0,
00:00:10.276,-0.0145643670111895,-0.000312765449052677,0.00624563032761216,0,
00:00:10.28,-0.0133910058066249,-0.0018417201936245,0.01069669239223,0,
00:00:10.284,0.000825262512080371,0.00285181915387511,-0.0107163898646832,0,
00:00:10.288,0.00474347220733762,0.00873438827693462,-0.0175087153911591,0,
00:00:10.292,-0.00659060524776578,-0.00329127232544124,-0.00858038198202848,0,
00:00:10.296,0.0237638130784035,-0.00997590180486441,0.0194082707166672,0,
00:00:10.3,-0.00823332834988832,0.000388955697417259,0.0121339550241828,0,
00:00:10.304,0.00416218163445592,0.000914375938009471,0.00130741985049099,0,
00:00:10.308,-0.0191219672560692,0.00416338164359331,-0.00543013261631131,0,
00:00:10.312,-0.0190424714237452,0.00638635456562042,-0.00866842735558748,0,
00:00:10.316,0.0109317898750305,-0.00637673400342464,-0.00833005271852016,0,
00:00:10.32,0.060636930167675,-0.00300515629351139,0.00278435158543289,0,
00:00:10.324,-0.0494602732360363,-0.00864448677748442,0.0149781443178654,0,
00:00:10.328,0.0139477094635367,0.00898229796439409,0.00564621528610587,0,
00:00:10.332,0.00998740084469318,0.0120511269196868,-0.0189726985991001,0,
00:00:10.336,-0.0353087224066257,-0.0044534127227962,0.0036057538818568,0,
00:00:10.34,0.00350920204073191,-0.00862106028944254,-0.000892012845724821,0,
00:00:10.344,0.00762071646749973,0.00294094439595938,-0.00329891825094819,0,
00:00:10.348,0.00926585122942925,0.000224692063056864,0.0188870541751385,0,
00:00:10.352,0.00818805489689112,-0.0028122456278652,-0.0103789865970612,0,
00:00:10.356,-0.0134747019037604,-0.00481386482715607,0.00999082438647747,0,
00:00:10.36,0.000928355497308075,0.00548629928380251,-0.0178588852286339,0,
00:00:10.364,0.00492054224014282,0.00957109592854977,-0.00331760547123849,0,
00:00:10.368,-0.00325197377242148,0.00195299473125488,0.00414370791986585,0,
00:00:10.372,-0.000768490484915674,-0.00662502972409129,0.00346072297543287,0,
00:00:10.376,-0.00223585055209696,-0.010401307605207,0.0116676297038794,0,
00:00:10.38,-0.00843270588666201,-0.0026089888997376,-0.00785584840923548,0,
00:00:10.384,0.00950494967401028,0.00837188027799129,-0.000130733227706514,0,
00:00:10.388,0.0125951068475842,0.00430920533835888,-0.00826219283044338,0,
00:00:10.392,-8.57759659993462E-05,0.00311491964384913,0.00884589459747076,0,
00:00:10.396,-0.00859837327152491,-0.00296511920168996,0.00728411041200161,0,
00:00:10.4,-0.0109273670241237,-0.0033141307067126,-0.00989474449306726,0,
00:00:10.404,0.0124849500134587,-0.00360929570160806,-0.00491696177050471,0,
00:00:10.408,-0.0129109378904104,0.00843513198196888,0.000231984668062069,0,
00:00:10.412,-0.000813014979939908,-0.00526176672428846,-0.00124581449199468,0,
00:00:10.416,0.000108974585600663,-0.00379217439331114,0.00485543301329017,0,
00:00:10.42,0.0563995242118835,0.00692265620455146,0.0109935719519854,0,
00:00:10.424,-0.0434432812035084,-0.000669293804094195,0.00219228747300804,0,
00:00:10.428,-0.0328374542295933,-0.0039406237192452,-0.00971821788698435,0,
00:00:10.432,0.00704531045630574,-0.00092333898646757,-0.00975469034165144,0,
00:00:10.436,0.0334926471114159,0.0101584997028112,0.00648822914808989,0,
00:00:10.44,0.0211270600557327,-0.00331953563727438,-0.00569701939821243,0,
00:00:10.444,-0.0355582609772682,-0.00703103421255946,-0.000911513052415103,0,
00:00:10.448,-0.0158941112458706,-0.000218459259485826,0.0170624852180481,0,
00:00:10.452,0.00768956635147333,0.0023398119956255,-0.00812224764376879,0,
00:00:10.456,0.0351783819496632,0.00220675044693053,0.0100958086550236,0,
00:00:10.46,-0.0142063405364752,0.00511734466999769,-0.0110875759273767,0,
00:00:10.464,-0.0193567108362913,-0.00625294866040349,-0.0125439837574959,0,
00:00:10.468,-0.00357898697257042,-0.00420877989381552,0.00577059341594577,0,
00:00:10.472,0.0104960324242711,0.00453299703076482,0.0207674391567707,0,
00:00:10.476,0.0106654223054647,0.00109172647353262,-0.00757987191900611,0,
00:00:10.48,-0.0122663415968418,-0.000279127561952919,-0.0247752238065004,0,
00:00:10.484,0.0012781023979187,-0.000557256164029241,0.00983715523034334,0,
00:00:10.488,0.028021402657032,0.00585725484415889,0.0259788706898689,0,
00:00:10.492,-0.0161548163741827,-0.010171421803534,-0.0102750891819596,0,
00:00:10.496,-0.0198121890425682,-0.000885462912265211,-0.00396527256816626,0,
00:00:10.5,-0.00152739137411118,0.00289411330595613,-0.0116819860413671,0,
00:00:10.504,0.00872793234884739,0.00298086483962834,-0.00110155728179961,0,
00:00:10.508,0.00524102943018079,0.00349799054674804,0.0112823937088251,0,
00:00:10.512,0.00852918718010187,0.00198044092394412,-0.00216069142334163,0,
00:00:10.516,-0.0121366353705525,-0.00458613457158208,0.00868316739797592,0,
00:00:10.52,0.00182175007648766,-0.00862153898924589,-0.00454932078719139,0,
00:00:10.524,-0.00944741815328598,0.000178439280716702,-0.0139571661129594,0,
00:00:10.528,0.0206436440348625,0.0103195998817682,0.00762546341866255,0,
00:00:10.532,-0.0120180519297719,-0.00193820090498775,0.00963795557618141,0,
00:00:10.536,0.00238148542121053,-0.00717132585123181,-0.0025479372125119,0,
00:00:10.54,0.00704531650990248,0.00523413438349962,-0.0110143152996898,0,
00:00:10.544,0.00207519088871777,0.000296402664389461,-0.0134076979011297,0,
00:00:10.548,0.000948102271649987,0.00636888667941093,0.0539081878960133,0,
00:00:10.552,-0.0195146072655916,-0.00114221265539527,-0.0205435361713171,0,
00:00:10.556,-0.0140387071296573,-0.0082998052239418,-0.0237863790243864,0,
00:00:10.56,0.00765347899869084,0.00457713333889842,-0.0146845867857337,0,
00:00:10.564,0.0136851025745273,-0.00405527278780937,0.0175419636070728,0,
00:00:10.568,0.00759745808318257,-0.00439857225865126,0.0117842489853501,0,
00:00:10.572,-0.00180541584268212,0.00313318660482764,0.00423045409843326,0,
00:00:10.576,0.0127666629850864,0.00659194402396679,-0.00153076695278287,0,
00:00:10.58,-0.00374519103206694,0.00274884910322726,0.000134883957798593,0,
00:00:10.584,-0.0128403566777706,0.00274785840883851,-0.00760072097182274,0,
00:00:10.588,-0.0133289583027363,-0.0133708911016583,-0.00719360960647464,0,
00:00:10.592,-0.00411373563110828,-0.00418191682547331,0.00164643628522754,0,
00:00:10.596,0.00656888913363218,0.00746926479041576,0.00650520995259285,0,
00:00:10.6,0.0226729176938534,0.00595109816640615,-0.00263796304352582,0,
00:00:10.604,-0.000331460149027407,0.00107356440275908,0.00560850370675325,0,
00:00:10.608,-0.00561945606023073,-0.00444241473451257,-0.00576501293107867,0,
00:00:10.612,-0.00855564419180155,0.000898843980394304,0.00607735523954034,0,
00:00:10.616,-0.0124962199479342,-0.00445094145834446,0.0111961904913187,0,
00:00:10.62,0.0148681486025453,-0.0060869362205267,-0.0142660746350884,0,
00:00:10.624,0.00600129831582308,0.00739640323445201,-0.0194198749959469,0,
00:00:10.628,-0.000908265763428062,0.00615439284592867,0.0255922563374043,0,
00:00:10.632,-0.0100135458633304,-0.00104096170980483,-0.00332600972615182,0,
00:00:10.636,-0.00157060008496046,-0.000651260023005307,-0.0174460392445326,0,
00:00:10.64,0.00334577891044319,-0.0038784493226558,0.00542572885751724,0,
00:00:10.644,0.00203078729100525,-0.00629424024373293,0.0102883521467447,0,
00:00:10.648,0.0271482579410076,0.0001050247810781,0.00202063121832907,0,
00:00:10.652,-0.0262606497853994,0.0130104394629598,0.0187178663909435,0,
00:00:10.656,-0.0092349648475647,0.00543669750913978,0.00459152879193425,0,
00:00:10.66,0.000605382781941444,-0.00983915198594332,-0.0476763695478439,0,
00:00:10.664,-0.00172183581162244,-0.0054711839184165,-0.00870592333376408,0,
00:00:10.668,-0.00633399141952395,0.00322779081761837,0.0212855841964483,0,
00:00:10.672,0.0292505193501711,-0.00625637592747808,0.00304519338533282,0,
00:00:10.676,0.0307157058268785,0.00731524452567101,0.01424340903759,0,
00:00:10.68,-0.0392759069800377,0.00276827719062567,0.0102319307625294,0,
00:00:10.684,-0.0364996269345284,-0.00481974519789219,-0.00569449132308364,0,
00:00:10.688,0.030208308249712,0.00403094897046685,-0.0135386316105723,0,
00:00:10.692,-0.00323433009907603,-0.00657271174713969,-0.000735243083909154,0,
00:00:10.696,-0.000542328925803304,-0.000113985348434653,-0.0135104553773999,0,
00:00:10.7,0.0125307273119688,0.00528178364038467,-0.000875643687322736,0,
00:00:10.704,0.00147619319614023,0.00743134506046772,-0.0026879464276135,0,
00:00:10.708,-0.00552307022735476,-0.00203239056281745,0.0292238481342793,0,
00:00:10.712,-4.74348507850664E-06,-0.00747505621984601,0.00570891611278057,0,
00:00:10.716,-0.00693866703659296,-0.00437378697097301,-0.00260220421478152,0,
00:00:10.72,-0.00626557320356369,0.00431519979611039,-0.015458662994206,0,
00:00:10.724,0.0338812209665775,-0.00114102393854409,-0.0117236180230975,0,
00:00:10.728,-0.0178965982049704,-0.00441972725093365,0.00166912015993148,0,
00:00:10.732,-0.0179430209100246,0.00737940287217498,0.0132585940882564,0,
00:00:10.736,0.000708803592715412,0.00726465228945017,-0.00381054379977286,0,
00:00:10.74,0.0139588126912713,-0.00616988260298967,0.00591303175315261,0,
00:00:10.744,-0.0134559236466885,-0.000980336917564273,0.000223774608457461,0,
00:00:10.748,0.0139943361282349,-0.00668988563120365,0.00352243822999299,0,
00:00:10.752,0.00615561660379171,0.00515144458040595,-0.00467467214912176,0,
00:00:10.756,0.0118320463225245,0.00631268881261349,-0.0208182539790869,0,
00:00:10.76,-0.00551570812240243,-0.00373809901066124,0.0039806249551475,0,
00:00:10.764,-0.0155863668769598,-0.00399319920688868,0.0112384697422385,0,
00:00:10.768,-0.0174725539982319,-0.00326125719584525,0.0228494759649038,0,
00:00:10.772,-0.0108819277957082,0.00522129703313112,-0.00332639669068158,0,
00:00:10.776,0.017103148624301,0.00576649233698845,-0.0281736776232719,0,
00:00:10.78,0.0185480229556561,-0.00813348684459925,-0.00820071715861559,0,
00:00:10.784,0.0106585854664445,0.00214291829615831,0.0045706694945693,0,
00:00:10.788,-0.00374070205725729,0.00243627466261387,0.0277696698904037,0,
00:00:10.792,-0.00672958604991436,0.000147694678162225,9.12608811631799E-05,0,
00:00:10.796,-0.00930111110210419,-0.00558839086443186,-0.0172417741268873,0,
00:00:10.8,-0.00268517970107496,0.00443526403978467,0.00224642548710108,0,
00:00:10.804,-0.0035214745439589,-0.00158525654114783,-0.000440582196461037,0,
00:00:10.808,0.00379542959854007,-0.00335338758304715,0.000139426585519686,0,
00:00:10.812,0.0154599063098431,0.00440841214731336,0.00512516126036644,0,
00:00:10.816,-0.0109366094693542,0.000927304499782622,0.00544946128502488,0,
00:00:10.82,-0.0100788865238428,-0.000331822229782119,-0.00848859082907438,0,
00:00:10.824,-0.00758800376206636,0.00150329573079944,-0.0130540560930967,0,
00:00:10.828,0.0443214066326618,-0.00239179376512766,0.00493797333911061,0,
00:00:10.832,-0.00547175295650959,0.00232907384634018,0.00188893300946802,0,
00:00:10.836,-0.0247965157032013,-0.00413449201732874,0.0022845990024507,0,
00:00:10.84,-0.00711300270631909,-0.00444921804592013,0.0337685272097588,0,
00:00:10.844,-0.00807888526469469,0.00271418574266136,-0.0151641350239515,0,
00:00:10.848,0.0131588773801923,0.00398520519956946,-0.0211411900818348,0,
00:00:10.852,0.0146245192736387,0.00853063259273767,-0.0120889879763126,0,
00:00:10.856,-0.0162698794156313,-0.00791402533650398,-6.13918746239506E-05,0,
00:00:10.86,0.0424318164587021,-0.00425250921398401,0.0138220218941569,0,
00:00:10.864,-0.00210556434467435,0.00163615390192717,0.0134478900581598,0,
00:00:10.868,-0.0618310607969761,-0.00028342948644422,0.00363324070349336,0,
00:00:10.872,-0.000250895245699212,0.00242389040067792,-0.0106543935835361,0,
00:00:10.876,0.00856904406100512,0.00109992723446339,-0.0073593039996922,0,
00:00:10.88,0.0176559872925282,-0.00472419802099466,0.00146875448990613,0,
00:00:10.884,0.0304055213928223,0.000609917216934264,0.00774799846112728,0,
00:00:10.888,-0.0091653848066926,0.00841597933322191,0.00881059467792511,0,
00:00:10.892,-0.0164212509989738,-0.00433156685903668,-0.00863474421203136,0,
00:00:10.896,-0.00774567108601332,-0.0108192022889853,-0.017666757106781,0,
00:00:10.9,-0.00302429124712944,0.00685096252709627,-0.00195697043091059,0,
00:00:10.904,0.0109596429392695,0.00662913778796792,0.0206133797764778,0,
00:00:10.908,-0.00493930699303746,-0.000706565857399255,0.00200581667013466,0,
00:00:10.912,0.00156314298510551,-0.00272007030434906,-0.00192486657761037,0,
00:00:10.916,0.00259056407958269,0.00209010834805667,-0.00993276201188564,0,
00:00:10.92,0.00127119908574969,-0.00458930106833577,-0.00549130234867334,0,
00:00:10.924,0.00178191100712866,-0.000755024375393987,0.00527544366195798,0,
00:00:10.928,-0.00932477321475744,-0.00355519354343414,0.0175532326102257,0,
00:00:10.932,0.00733171170577407,0.000620972306933254,-0.0141129847615957,0,
00:00:10.936,0.00643418356776237,0.00990924332290888,0.0162648558616638,0,
00:00:10.94,-0.0120059726759791,0.00401736283674836,-0.000302677188301459,0,
00:00:10.944,-0.00456948531791568,-0.00699175288900733,-0.0231725703924894,0,
00:00:10.948,0.00644233729690313,-0.00782203488051891,-0.00949084851890802,0,
00:00:10.952,0.00721969269216061,0.000768962141592056,0.0104804076254368,0,
00:00:10.956,-0.011525696143508,0.00375467492267489,0.0104779349640012,0,
00:00:10.96,0.0102517502382398,0.00315097905695438,-0.0084416950121522,0,
00:00:10.964,-0.000714797060936689,0.00117082125507295,0.00192093418445438,0,
00:00:10.968,-0.00540521554648876,-0.00472013326361775,0.00761889526620507,0,
00:00:10.972,-0.016822662204504,0.00882795453071594,-0.00214364472776651,0,
00:00:10.976,0.0213294886052608,-0.0017831331351772,0.00910058058798313,0,
00:00:10.98,0.0311000067740679,-0.00715291826054454,0.011691858060658,0,
00:00:10.984,-0.0212426912039518,-0.00383895728737116,-0.0183258913457394,0,
00:00:10.988,-0.0382973290979862,-0.00139878457412124,-0.0246844887733459,0,
00:00:10.992,0.0133383385837078,0.00507068820297718,0.0139721697196364,0,
00:00:10.996,0.0127920769155025,0.00674962159246206,0.00215949909761548,0,
00:00:11,0.00352967414073646,-0.00232951808720827,0.00330439722165465,0,
00:00:11.004,-0.0133053092285991,-0.000596748141106218,-0.00378356711007655,0,
00:00:11.008,0.0118612395599484,0.00353000033646822,0.00677138147875667,0,
00:00:11.012,0.0062879417091608,-0.00476048607379198,-0.00176924699917436,0,
00:00:11.016,0.00299251032993197,-0.00188256776891649,-0.000809071061667055,0,
00:00:11.02,-0.0214035771787167,-0.000550972938071936,0.00117036001756787,0,
00:00:11.024,0.00382221559993923,-0.00392673211172223,0.00783884525299072,0,
00:00:11.028,0.00517229177057743,0.000428263534558937,0.00312252598814666,0,
00:00:11.032,0.00302036223001778,0.0100020272657275,-0.00494325160980225,0,
00:00:11.036,0.00869707483798265,0.00216899299994111,-0.0161247830837965,0,
00:00:11.04,-0.0194923803210258,-0.00689913146197796,-0.00383253255859017,0,
00:00:11.044,0.00593353901058435,-0.00413003424182534,0.0175688825547695,0,
00:00:11.048,0.000491955725010484,0.00255103316158056,-0.00420728977769613,0,
00:00:11.052,0.0027434763032943,0.00507261091843247,-0.00241189380176365,0,
00:00:11.056,0.00361993536353111,-0.000782327319029719,-0.00162233680021018,0,
00:00:11.06,-0.00426158495247364,-0.00217796163633466,-0.00241065002046525,0,
00:00:11.064,-0.00293583003804088,-0.00146313442382962,0.000868449918925762,0,
00:00:11.068,0.0126094268634915,0.00180995231494308,0.0260248482227325,0,
00:00:11.072,-0.0161662343889475,-0.00142616964876652,-0.0080847255885601,0,
00:00:11.076,-0.0020285788923502,0.0011901973048225,-0.00329834292642772,0,
00:00:11.08,0.00473542185500264,-0.00370536092668772,-0.0255877301096916,0,
00:00:11.084,0.0157329346984625,0.00131832016631961,-4.5664008212043E-05,0,
00:00:11.088,-0.00293796579353511,0.00441663898527622,0.0268354080617428,0,
00:00:11.092,-0.0123404832556844,-0.000588550698012114,-0.00397273758426309,0,
00:00:11.096,-0.00195322558283806,0.000482463801745325,-0.0106377471238375,0,
00:00:11.1,-0.00640075793489814,-0.00502448156476021,-0.00800072681158781,0,
00:00:11.104,0.00820246711373329,0.00230765040032566,0.0110921282321215,0,
00:00:11.108,0.0100054200738668,0.00198131799697876,0.000595499237533659,0,
00:00:11.112,-0.00143892131745815,-0.00626234291121364,0.00084054988110438,0,
00:00:11.116,0.000415935384808108,0.00259655015543103,0.0331910438835621,0,
00:00:11.12,0.00194759992882609,0.0139474850147963,-0.0217371787875891,0,
00:00:11.124,-0.00959890056401491,-0.0145856207236648,-0.036577120423317,0,
00:00:11.128,-0.018582921475172,-0.00289039732888341,-0.00280250702053308,0,
00:00:11.132,0.016371326521039,0.00452892854809761,0.0340205803513527,0,
00:00:11.136,0.0143265165388584,-0.000724241486750543,0.00134922668803483,0,
00:00:11.14,-0.00370324077084661,0.000213133520446718,-0.0012251022271812,0,
00:00:11.144,-0.00418502138927579,0.00569470413029194,-0.00914307963103056,0,
00:00:11.148,-0.00307704834267497,0.00180628977250308,0.0153918322175741,0,
00:00:11.152,-0.00130340736359358,-0.00237473752349615,-0.00881414953619242,0,
00:00:11.156,-0.0101684127002954,-0.00791506003588438,-0.013956087641418,0,
00:00:11.16,0.0316096507012844,0.00127869797870517,-0.00118243275210261,0,
00:00:11.164,-0.0146992169320583,0.000570720934774727,0.00813134387135506,0,
00:00:11.168,-0.0130813522264361,0.00123674096539617,0.00492328312247992,0,
00:00:11.172,-0.000636465614661574,0.00352495373226702,0.0105516612529755,0,
00:00:11.176,0.000898337224498391,0.00106930115725845,-0.00999659020453691,0,
00:00:11.18,0.0154704125598073,-0.00133355578873307,-0.00184117199387401,0,
00:00:11.184,-0.00402872264385223,-0.00418164301663637,-0.00888882949948311,0,
00:00:11.188,-0.00482219597324729,0.000490303325932473,0.00710872700437903,0,
00:00:11.192,0.0178317781537771,-0.00285710883326828,-0.00032814746373333,0,
00:00:11.196,-0.0116759091615677,0.00467865774407983,0.012735023163259,0,
00:00:11.2,-0.0164103861898184,-0.000826043891720474,0.00021089578513056,0,
00:00:11.204,-0.00167470274027437,-0.000154549183207564,-0.0262918043881655,0,
00:00:11.208,0.0111586032435298,0.00939337350428104,-0.00272122584283352,0,
00:00:11.212,0.0104874605312943,-0.00249423203058541,0.0226557645946741,0,
00:00:11.216,-0.00237027858383954,-0.00996722653508186,0.0121383182704449,0,
00:00:11.22,-0.00899211782962084,-0.00222553336061537,-0.0196816269308329,0,
00:00:11.224,0.00513725215569139,0.0043828715570271,0.0073076831176877,0,
00:00:11.228,-0.00106028048321605,0.00145493261516094,-0.000389299413654953,0,
00:00:11.232,0.00240053539164364,0.000706451595760882,-0.00426956126466393,0,
00:00:11.236,-0.00453250529244542,0.000414031848777086,-0.0121739078313112,0,
00:00:11.24,-0.00898437667638063,0.000108226253360044,-0.00173400016501546,0,
00:00:11.244,0.0064927046187222,-0.000179698385181837,0.00727728055790067,0,
00:00:11.248,-0.00515229674056172,-0.000336493802024052,0.0112130483612418,0,
00:00:11.252,0.0104948170483112,-0.000328145775711164,0.00150875898543745,0,
00:00:11.256,0.0351743996143341,-0.000207277218578383,0.00911867152899504,0,
00:00:11.26,-0.00821052305400372,0.00201594526879489,0.00295729259960353,0,
00:00:11.264,-0.0478027239441872,-0.00192857219371945,-0.0193360857665539,0,
00:00:11.268,-0.0109897842630744,0.000520731380674988,-0.0111333625391126,0,
00:00:11.272,0.000504644762258977,-0.00207978882826865,0.00146587355993688,0,
00:00:11.276,0.0347716622054577,-0.000766418117564172,0.00798921100795269,0,
00:00:11.28,0.0140222236514091,0.00292199524119496,-0.00703022489324212,0,
00:00:11.284,-0.000264422997133806,-0.000526241667103022,0.00463461456820369,0,
00:00:11.288,-0.0199850853532553,0.00359345180913806,0.0139692816883326,0,
00:00:11.292,-0.00499662710353732,-0.00588899850845337,0.00107120606116951,0,
00:00:11.296,0.00168624811340123,-0.00287164631299675,-0.00652743829414248,0,
00:00:11.3,0.0032818466424942,0.00576918385922909,-0.000872307980898768,0,
00:00:11.304,0.00441467994824052,0.00372242857702076,0.0092339813709259,0,
00:00:11.308,0.00705167790874839,-0.00239624013192952,-0.0034089598339051,0,
00:00:11.312,-0.018325611948967,-0.00479640159755945,-0.0196613445878029,0,
00:00:11.316,0.00023923498520162,-0.0011828972492367,-0.0100494837388396,0,
00:00:11.32,0.0121929459273815,0.00819737743586302,0.00136452738661319,0,
00:00:11.324,-0.0073381531983614,0.0010022921487689,0.0167480576783419,0,
00:00:11.328,0.00455190660431981,-0.00503555545583367,0.0327467136085033,0,
00:00:11.332,0.00121145555749536,-0.00351531291380525,-0.0132716419175267,0,
00:00:11.336,0.00335690216161311,-0.000297318445518613,-0.0164514910429716,0,
00:00:11.34,-0.00120599253568798,-0.00028235514764674,-0.0128238257020712,0,
00:00:11.344,-0.0228350125253201,0.00618490623310208,0.0142448460683227,0,
00:00:11.348,0.00980760436505079,0.000964753737207502,0.00015752534091007,0,
00:00:11.352,0.0213215742260218,-0.00129373010713607,-0.0150987925007939,0,
00:00:11.356,-0.0128545239567757,-0.00162622099742293,0.0210557896643877,0,
00:00:11.36,0.0135806202888489,-0.00100794027093798,-0.00346549996174872,0,
00:00:11.364,-0.00784294493496418,0.00186696508899331,0.00871134921908379,0,
00:00:11.368,-0.0145037574693561,-0.00164870894514024,-0.0154317338019609,0,
00:00:11.372,-0.0237034875899553,-0.0032387082464993,-0.00954753346741199,0,
00:00:11.376,0.0345829501748085,0.00629904959350824,0.00783415511250496,0,
00:00:11.38,0.0273768715560436,-0.00342571036890149,0.00172841281164438,0,
00:00:11.384,-0.0201008673757315,-0.000177900321432389,0.0127342464402318,0,
00:00:11.388,-0.0178250949829817,0.000921218888834119,-0.000848316412884742,0,
00:00:11.392,-0.00753385061398149,0.000780578120611608,-0.0186433289200068,0,
00:00:11.396,0.0125954346731305,0.00436570821329951,0.00217062025330961,0,
00:00:11.4,0.0034666326828301,-0.00212963786907494,0.0219122357666492,0,
00:00:11.404,0.00318895583041012,-0.00776203069835901,-0.000573623867239803,0,
00:00:11.408,0.000615781988017261,-0.000361130194505677,-0.0207730643451214,0,
00:00:11.412,-0.00148237193934619,0.00508772674947977,-0.00802952982485294,0,
00:00:11.416,-0.00420772423967719,0.00114234711509198,0.00394718162715435,0,
00:00:11.42,-0.00167542102281004,-0.00213941745460033,0.00462013809010386,0,
00:00:11.424,0.00722840847447515,0.00584518443793058,0.0131772514432669,0,
00:00:11.428,-0.00181092915590852,-0.00462034204974771,-0.00435646064579487,0,
00:00:11.432,-0.0177795197814703,-0.00129645399283618,0.00726582715287805,0,
00:00:11.436,0.0143078807741404,0.00240613636560738,0.0201542992144823,0,
00:00:11.44,0.0327003337442875,-0.00121989008039236,-0.0166818108409643,0,
00:00:11.444,-0.0290878526866436,-0.0011090524494648,-0.0318196229636669,0,
00:00:11.448,-0.0149398259818554,-4.74057378596626E-05,-0.00718739861622453,0,
00:00:11.452,0.00100574700627476,0.00482575874775648,0.0115696107968688,0,
00:00:11.456,0.000434841989772394,-0.00318943941965699,0.0080091655254364,0,
00:00:11.46,0.0119369486346841,-0.00285761733539402,0.0081939734518528,0,
00:00:11.464,0.00357134407386184,0.00172706448938698,0.00165339594241232,0,
00:00:11.468,-0.00615885807201266,-0.000557515304535627,0.00134158227592707,0,
00:00:11.472,0.0191501826047897,-0.00198726099915802,0.0195899903774261,0,
00:00:11.476,-0.0104804681614041,0.00283530564047396,0.000507787917740643,0,
00:00:11.48,-0.0184365063905716,0.00672851223498583,-0.0362842082977295,0,
00:00:11.484,0.0201659798622131,-0.00329977343790233,-0.00198645936325192,0,
00:00:11.488,-0.0143376970663667,-0.00629267701879144,0.0107576576992869,0,
00:00:11.492,-0.00482799066230655,0.00223044981248677,-0.00483830040320754,0,
00:00:11.496,0.00566281843930483,0.000236035120906308,-0.00159104610793293,0,
00:00:11.5,0.00454217428341508,-0.00188630376942456,-0.000199637666810304,0,
00:00:11.504,0.007363754324615,0.00242675608024001,0.0056222933344543,0,
00:00:11.508,-0.000669945089612156,0.00418453896418214,0.0133523615077138,0,
00:00:11.512,-0.00382335484027863,0.000519243185408413,0.00459447596222162,0,
00:00:11.516,-0.00143426610156894,-0.004496228415519,-0.00867971032857895,0,
00:00:11.52,-0.00361733953468502,-0.00306023261509836,-0.0144586628302932,0,
00:00:11.524,-0.00559567706659436,-0.000208002558792941,-0.00141533243004233,0,
00:00:11.528,-0.00126699777320027,-0.000451961939688772,0.0184100233018398,0,
00:00:11.532,0.0237512607127428,0.00803381763398647,0.009389853104949,0,
00:00:11.536,-0.0131140649318695,-0.00322872656397522,-0.0221797972917557,0,
00:00:11.54,0.00801761355251074,0.00109705829527229,0.00168274820316583,0,
00:00:11.544,-0.00502186501398683,-0.0041426932439208,0.00147717946674675,0,
00:00:11.548,-0.0259873643517494,-0.0016359225846827,0.00416934117674828,0,
00:00:11.552,0.00760836387053132,0.00141092110425234,-0.0107006896287203,0,
00:00:11.556,0.0335536599159241,0.0108203925192356,-0.00998203456401825,0,
00:00:11.56,-0.00854547787457705,-0.00400225445628166,0.0106320921331644,0,
00:00:11.564,-0.0180335454642773,-0.00604986306279898,0.0063324635848403,0,
00:00:11.568,-0.000100592355011031,0.00118352368008345,0.0222763437777758,0,
00:00:11.572,0.00529694091528654,0.000707394327037036,-0.00206603435799479,0,
00:00:11.576,0.00635372288525105,-0.0090889697894454,-0.0105688748881221,0,
00:00:11.58,-0.0152027336880565,0.000484036805573851,-0.0137026784941554,0,
00:00:11.584,0.0235877856612206,0.00567440083250403,-0.00900124851614237,0,
00:00:11.588,0.00586310354992747,0.0118303177878261,0.00295339059084654,0,
00:00:11.592,-0.0234077870845795,-0.00124853337183595,0.00707093486562371,0,
00:00:11.596,-0.0113038998097181,-0.00751558132469654,-0.00449712388217449,0,
00:00:11.6,-0.00554639426991344,0.00164129724726081,0.00824624858796597,0,
00:00:11.604,0.0401896275579929,-0.00608841143548489,0.0157875325530767,0,
00:00:11.608,0.00582181802019477,-0.000452674285043031,0.00232254457660019,0,
00:00:11.612,-0.0213551409542561,0.0042570480145514,-0.0214269440621138,0,
00:00:11.616,-0.0264415368437767,-0.00165343936532736,-0.00991641171276569,0,
00:00:11.62,0.00518970470875502,0.00167474860791117,0.014737892895937,0,
00:00:11.624,0.0190208945423365,0.00363898137584329,0.000245097529841587,0,
00:00:11.628,0.00945134367793798,-0.00163630524184555,0.00163301324937493,0,
00:00:11.632,0.00224904692731798,-0.00229856697842479,-0.0112541830167174,0,
00:00:11.636,-0.00482842838391662,-0.00114367704372853,-0.00082445633597672,0,
00:00:11.64,-0.0112181464210153,-0.00194450886920094,0.0119813233613968,0,
00:00:11.644,-0.0177226401865482,0.00484338495880365,-0.00164182484149933,0,
00:00:11.648,0.0197241604328156,0.00253145257011056,0.0210738945752382,0,
00:00:11.652,0.0254626460373402,-0.00510592386126518,-0.0232048556208611,0,
00:00:11.656,-0.0110902711749077,0.00345483003184199,-0.0165563523769379,0,
00:00:11.66,-0.0227863732725382,-0.00293399556539953,0.0213781222701073,0,
00:00:11.664,-0.0047723283059895,-0.00632256222888827,0.00353393750265241,0,
00:00:11.668,0.00770691316574812,0.00620713550597429,-0.00259392149746418,0,
00:00:11.672,-0.00424686772748828,0.00292684091255069,-0.0219758003950119,0,
00:00:11.676,0.0241156592965126,0.00245711719617248,0.00745527306571603,0,
00:00:11.68,-0.000470339640742168,-0.00504709640517831,0.00135662336833775,0,
00:00:11.684,-0.0102772722020745,0.00321502680890262,0.0220134276896715,0,
00:00:11.688,-0.000757359783165157,-0.00126356596592814,0.00357773993164301,0,
00:00:11.692,-0.0214546788483858,-0.00655493885278702,-0.0186051726341248,0,
00:00:11.696,0.00758966198191047,-0.00376815535128117,-0.00689682736992836,0,
00:00:11.7,0.0454433783888817,0.00916944071650505,0.00135791802313179,0,
00:00:11.704,-0.0164594482630491,0.0062298527918756,0.0087585998699069,0,
00:00:11.708,-0.0214660409837961,-0.00206058262847364,0.00626632664352655,0,
00:00:11.712,-0.0123113254085183,-0.00802421011030674,-0.00755222328007221,0,
00:00:11.716,0.00168218254111707,0.0034801266156137,-0.00580644095316529,0,
00:00:11.72,0.00941631942987442,0.00286867725662887,0.00161381938960403,0,
00:00:11.724,0.00315657188184559,-0.000313248281599954,0.00311408331617713,0,
00:00:11.728,0.0169697944074869,-0.00629708124324679,-0.0105210468173027,0,
00:00:11.732,0.00703238975256681,-0.000156771231559105,0.0204077381640673,0,
00:00:11.736,0.00513806659728289,0.00235077762044966,0.0052828611806035,0,
00:00:11.74,-0.0456112399697304,0.00436978088691831,-0.010498090647161,0,
00:00:11.744,-0.00829090643674135,-0.000899391656275839,-0.00765354372560978,0,
00:00:11.748,0.0182227808982134,-0.0018031831132248,-0.00112337071914226,0,
00:00:11.752,0.010005540214479,-0.00100338505581021,-0.00541781727224588,0,
00:00:11.756,0.00928540527820587,-0.00416494812816381,0.00297137536108494,0,
00:00:11.76,-0.00481569673866034,0.00655457098037004,0.0037391830701381,0,
00:00:11.764,-0.00285501079633832,0.00601918948814273,0.00224705622531474,0,
00:00:11.768,0.00481746904551983,-0.00286913407035172,0.0028302101418376,0,
00:00:11.772,0.00183257483877242,-0.00505883526057005,0.0124963261187077,0,
00:00:11.776,-0.0150217693299055,-0.00745895830914378,-0.00118299876339734,0,
00:00:11.78,-0.000939478049986064,-0.00277179991826415,-0.0214444492012262,0,
00:00:11.784,0.00370839145034552,0.0107069769874215,0.000869547249749303,0,
00:00:11.788,-0.00474416138604283,0.00526090385392308,0.0117209693416953,0,
00:00:11.792,0.00960437301546335,0.000248784926952794,-0.0108218044042587,0,
00:00:11.796,0.00860300473868847,-0.00251306756399572,0.00126494490541518,0,
00:00:11.8,-0.0208734311163425,-0.00289952429011464,0.00459386548027396,0,
00:00:11.804,0.00765947531908751,-0.0038847194518894,-0.00708210561424494,0,
00:00:11.808,0.0388428457081318,0.00783845782279968,0.0230382811278105,0,
00:00:11.812,-0.0205074157565832,-0.0036360623780638,-0.00483766151592135,0,
00:00:11.816,-0.0363050475716591,-0.00378480134531856,-0.016971668228507,0,
00:00:11.82,-0.0030616547446698,-0.00686593446880579,-0.00689609395340085,0,
00:00:11.824,0.0124488212168217,0.00771149294450879,0.0206922758370638,0,
00:00:11.828,0.0116602648049593,0.0114287231117487,-0.00322236446663737,0,
00:00:11.832,0.0116450004279613,-0.00189351395238191,-0.0042809727601707,0,
00:00:11.836,0.00214256905019283,-0.00138379284180701,0.00596121000126004,0,
00:00:11.84,-0.0178776998072863,-0.0101022915914655,-0.0225145742297173,0,
00:00:11.844,0.0085249375551939,-0.00244931760244071,0.00432588486000896,0,
00:00:11.848,0.0131683042272925,0.00030101096490398,0.0264952350407839,0,
00:00:11.852,-0.0279069449752569,0.00778438895940781,0.00091893516946584,0,
00:00:11.856,-0.00596828199923038,-0.00387708120979369,-0.015657365322113,0,
00:00:11.86,0.0130657935515046,0.0156431216746569,0.00300258654169738,0,
00:00:11.864,0.00588356098160148,-0.0108108352869749,-0.00722172344103456,0,
00:00:11.868,0.00359868770465255,-0.00519605726003647,-0.00778566021472216,0,
00:00:11.872,-0.00698607694357634,0.00126020645257086,0.00383965647779405,0,
00:00:11.876,-0.00144899636507034,-0.00251886318437755,0.00785558391362429,0,
00:00:11.88,0.0119397463276982,0.00233199796639383,0.00803022272884846,0,
00:00:11.884,-0.0120264859870076,0.00278319604694843,0.00393451005220413,0,
00:00:11.888,-0.00532367127016187,0.00342080020345747,-0.00731694558635354,0,
00:00:11.892,0.0020961498375982,-0.00634146668016911,0.00169624004047364,0,
00:00:11.896,0.0238743666559458,0.00541397510096431,-0.0121647920459509,0,
00:00:11.9,-0.00943282153457403,-0.00190547911915928,-0.0073004406876862,0,
00:00:11.904,-0.0173610989004374,0.0014709725510329,0.0138930203393102,0,
00:00:11.908,-0.00186069298069924,-0.00916402321308851,0.00102596043143421,0,
00:00:11.912,-0.0010424415813759,-0.000851015385705978,0.0180704761296511,0,
00:00:11.916,0.00970756728202105,0.00615791464224458,-0.0153157422319055,0,
00:00:11.92,0.0247109103947878,0.00681723281741142,-0.0117110479623079,0,
00:00:11.924,-0.0134993456304073,-0.00306365755386651,-0.00461015058681369,0,
00:00:11.928,-0.0156126162037253,-0.00144652160815895,0.0039899880066514,0,
00:00:11.932,-0.00359185691922903,-0.00317614944651723,0.0115933567285538,0,
00:00:11.936,0.00135383382439613,0.00324224750511348,0.00187934376299381,0,
00:00:11.94,0.00725340424105525,0.00138389912899584,-0.00339494645595551,0,
00:00:11.944,0.00953405350446701,-0.00127986108418554,0.00850906316190958,0,
00:00:11.948,-0.00060055626090616,-0.00429118471220136,-0.00335860182531178,0,
00:00:11.952,-0.0215959008783102,0.000450404622824863,-0.00677340943366289,0,
00:00:11.956,0.017344132065773,-0.00481227785348892,-0.0275690536946058,0,
00:00:11.96,-0.0011507737217471,0.00480596348643303,0.0269825514405966,0,
00:00:11.964,0.004926229827106,0.00924627762287855,0.0264616142958403,0,
00:00:11.968,-0.00873919017612934,-0.00203927420079708,-0.0182472243905067,0,
00:00:11.972,-0.00317353243008256,-0.0105854999274015,-0.0094771096482873,0,
00:00:11.976,0.0115253021940589,0.00320488656871021,-0.0184725597500801,0,
00:00:11.98,0.00536051718518138,0.00664169061928988,0.00544524285942316,0,
00:00:11.984,-0.0385641381144524,0.00176388549152762,0.0194062422960997,0,
00:00:11.988,0.0181298982352018,-0.00471789902076125,0.0185927432030439,0,
00:00:11.992,0.0257337186485529,0.000165002711582929,-0.00757004180923104,0,
00:00:11.996,-0.0177859105169773,-0.00499755796045065,-0.0249041989445686,0,
00:00:12,-0.0126703567802906,-0.00616149557754397,-0.000169603634276427,0,
00:00:12.004,0.0307790171355009,0.00356095470488071,-0.00644200528040528,0,
00:00:12.008,-0.016028355807066,0.0126346005126834,0.0205218866467476,0,
00:00:12.012,-0.0119855124503374,0.000628758338280022,0.00722970487549901,0,
00:00:12.016,0.0244935695081949,-0.00385423842817545,-0.0155510986223817,0,
00:00:12.02,-0.0253023970872164,-0.00378769240342081,0.00702333357185125,0,
00:00:12.024,-0.00872265361249447,-0.00183177646249533,-0.00383589137345552,0,
00:00:12.028,0.0245678070932627,-0.00402614986523986,-0.00485179293900728,0,
00:00:12.032,0.0184575337916613,0.00927672069519758,0.00674539944157004,0,
00:00:12.036,0.00774858752265573,0.00472540594637394,0.0105238938704133,0,
00:00:12.04,-0.0537972748279572,-0.0103152459487319,-0.0128396339714527,0,
00:00:12.044,-0.0240039620548487,-0.00543800042942166,-0.00447838194668293,0,
00:00:12.048,0.0327879637479782,0.0103350821882486,0.00521419709548354,0,
00:00:12.052,0.0329711139202118,0.00381063716486096,-0.000806202471721917,0,
00:00:12.056,0.0307401269674301,0.00248033204115927,-0.00268928846344352,0,
00:00:12.06,-0.0436704121530056,-0.015968594700098,0.000645640189759433,0,
00:00:12.064,-0.0291047245264053,0.00170647178310901,-0.00334491487592459,0,
00:00:12.068,0.0156148541718721,0.00528426421806216,0.0210978165268898,0,
00:00:12.072,-0.0501889660954475,-0.00929133594036102,0.00872098281979561,0,
00:00:12.076,0.121263206005096,0.0120371989905834,-0.0278474148362875,0,
00:00:12.08,-0.0458188243210316,0.00831546075642109,-0.018792413175106,0,
00:00:12.084,-0.0513065010309219,-0.00479922350496054,0.0106128193438053,0,
00:00:12.088,0.0724794715642929,0.00417789444327354,0.00642838608473539,0,
00:00:12.092,-0.0247374549508095,-0.00881829764693975,0.0282515268772841,0,
00:00:12.096,-0.0542879328131676,-0.0119262151420116,0.000763011048547924,0,
00:00:12.1,0.0123553443700075,0.00194007228128612,-0.0157012883573771,0,
00:00:12.104,0.0258191209286451,0.00395917054265738,-0.0247637946158648,0,
00:00:12.108,-0.000784623844083399,0.00674529885873199,0.00620590569451451,0,
00:00:12.112,0.0257773213088512,-0.00284114410169423,0.00026879960205406,0,
00:00:12.116,-0.00605743983760476,0.00535696279257536,0.00917607080191374,0,
00:00:12.12,-0.0223825350403786,0.000204600291908719,0.00150845060124993,0,
00:00:12.124,-0.00404033856466413,-0.00217962614260614,0.014643588103354,0,
00:00:12.128,0.00405586464330554,-0.00442749913781881,-0.00300210015848279,0,
00:00:12.132,0.00110988761298358,0.000627155473921448,-0.00408695824444294,0,
00:00:12.136,0.0070441598072648,0.00563101889565587,-0.0123411845415831,0,
00:00:12.14,0.00363587262108922,-0.00317667308263481,-0.009574880823493,0,
00:00:12.144,0.00311133195646107,-0.00542558403685689,0.0127688776701689,0,
00:00:12.148,-0.0157155804336071,0.00113614194560796,0.00146004220005125,0,
00:00:12.152,0.00135918916203082,0.0049414187669754,0.00474323146045208,0,
00:00:12.156,0.0108509650453925,0.00212677964009345,0.00789973605424166,0,
00:00:12.16,-0.00543715432286263,-0.00729270232841372,-0.00554793560877442,0,
00:00:12.164,-0.0362927913665771,-0.000608191592618823,-0.0161676108837128,0,
00:00:12.168,0.0643785893917084,0.0111233871430159,-0.000736827554646879,0,
00:00:12.172,0.0228192675858736,0.00131285132374614,0.0125078922137618,0,
00:00:12.176,-0.0517667271196842,-0.00901010353118181,0.00883121322840452,0,
00:00:12.18,-0.0472483038902283,-0.012090771459043,-0.00962194614112377,0,
00:00:12.184,0.016240444034338,0.0100725153461099,-0.00325746741145849,0,
00:00:12.188,0.0228085983544588,0.00454165926203132,-0.00859753042459488,0,
00:00:12.192,0.0219455752521753,0.00115986936725676,0.0108336228877306,0,
00:00:12.196,0.00319150253199041,0.00140858837403357,0.00768367946147919,0,
00:00:12.2,-0.00779488449916244,-0.00947834551334381,-0.0208910070359707,0,
00:00:12.204,-0.00767742097377777,0.00320912525057793,0.0190890207886696,0,
00:00:12.208,-0.0183687750250101,0.00629802234470844,0.00951175764203072,0,
00:00:12.212,0.023964649066329,0.001464374945499,-0.00812244508415461,0,
00:00:12.216,0.03642413392663,-0.00484092580154538,-0.0164696387946606,0,
00:00:12.22,-0.0244038347154856,-0.00188060873188078,-0.0034688978921622,0,
00:00:12.224,-0.0523130521178246,-0.00499872351065278,0.00731691066175699,0,
00:00:12.228,-0.00988200027495623,-0.00037734690704383,0.00955995544791222,0,
00:00:12.232,0.0252311583608389,0.00759961595758796,0.00140935252420604,0,
00:00:12.236,0.0217866972088814,0.000143765864777379,-0.0023113084025681,0,
00:00:12.24,0.0222232807427645,-0.00088471092749387,-0.00496516190469265,0,
00:00:12.244,-0.00677371304482222,0.00391890993341804,0.000157533955643885,0,
00:00:12.248,-0.0120205134153366,0.000465569319203496,0.00539763178676367,0,
00:00:12.252,-0.0100822160020471,-0.00282372743822634,-0.00942048896104097,0,
00:00:12.256,-0.00881533231586218,-0.0096861170604825,-0.00355172762647271,0,
00:00:12.26,0.00445331446826458,0.00596574228256941,0.0122019806876779,0,
00:00:12.264,0.00659756129607558,0.000804105424322188,0.0193027071654797,0,
00:00:12.268,0.00596986524760723,-0.00409278925508261,-0.0135333016514778,0,
00:00:12.272,-0.0139594124630094,0.00853335112333298,-0.0262728482484818,0,
00:00:12.276,0.00650177802890539,0.00202772719785571,-0.00294060516171157,0,
00:00:12.28,0.0407549664378166,-0.00449236622080207,0.0147041874006391,0,
00:00:12.284,-0.0294596683233976,-0.00779678300023079,0.0167610943317413,0,
00:00:12.288,-0.045450322329998,0.00314488168805838,-0.00196873932145536,0,
00:00:12.292,0.015023922547698,0.00871682539582253,-0.0167833957821131,0,
00:00:12.296,0.0279457792639732,-0.00174877513200045,0.0115619655698538,0,
00:00:12.3,-0.010412854142487,-0.00577043928205967,0.0114075401797891,0,
00:00:12.304,0.00928965210914612,-0.00219299714080989,-0.0170276127755642,0,
00:00:12.308,0.0124275013804436,0.00569541892036796,0.00518579315394163,0,
00:00:12.312,-0.00763203110545874,-0.00103392382152379,-0.0128864049911499,0,
00:00:12.316,-0.021579323336482,0.0051183607429266,0.00112169282510877,0,
00:00:12.32,0.00949079543352127,-0.00569978961721063,0.0094978678971529,0,
00:00:12.324,0.00798593927174807,0.00017227468197234,-0.0037551405839622,0,
00:00:12.328,-0.0170011892914772,0.000461176619865,-0.0060042617842555,0,
00:00:12.332,-0.00605350313708186,-0.00243057450279593,0.00605243211612105,0,
00:00:12.336,0.0405175872147083,-0.00286703859455884,0.0068127978593111,0,
00:00:12.34,-0.019846161827445,0.00309348804876208,0.0110592022538185,0,
00:00:12.344,-0.00983471423387527,0.00342730944976211,-0.000974026857875288,0,
00:00:12.348,0.00531533407047391,0.00355127546936274,-0.0261333771049976,0,
00:00:12.352,-0.00431715697050095,-0.000391511712223291,0.00168567674700171,0,
00:00:12.356,0.009497812949121,-0.00506834825500846,0.00162367348093539,0,
00:00:12.36,-0.0107308560982347,-0.00525776902213693,0.0151899885386229,0,
00:00:12.364,0.0145700266584754,0.00401819450780749,-0.000327638175804168,0,
00:00:12.368,-0.00674011465162039,0.00569729041308165,0.00146153860259801,0,
00:00:12.372,-0.00877261720597744,-0.0074799582362175,-0.0158680025488138,0,
00:00:12.376,0.00725728180259466,0.000854825600981712,-8.83265020092949E-05,0,
00:00:12.38,-0.0197606459259987,0.000774150772485882,-0.000905454740859568,0,
00:00:12.384,0.0252865087240934,0.00586319901049137,0.0106090921908617,0,
00:00:12.388,0.0265244692564011,0.00185924384277314,0.0150407645851374,0,
00:00:12.392,-0.0252631455659866,-0.00649712793529034,-0.00810909923166037,0,
00:00:12.396,-0.0180163998156786,-0.00394423305988312,-0.0213618371635675,0,
00:00:12.4,-0.0165427215397358,0.00249386741779745,0.0147617077454925,0,
00:00:12.404,0.0383100621402264,0.00289285811595619,-0.00309290690347552,0,
00:00:12.408,-0.00146523013245314,0.00117774726822972,-0.00350278383120894,0,
00:00:12.412,-0.00940349698066711,-0.000444852019427344,0.0128844808787107,0,
00:00:12.416,0.00313557009212673,0.00508204335346818,-0.0192629024386406,0,
00:00:12.42,-0.0156615190207958,-0.0110636427998543,-0.00324853067286313,0,
00:00:12.424,0.00272218394093215,0.000686576764564961,0.0227602105587721,0,
00:00:12.428,0.0194309055805206,0.00506041385233402,0.0150784952566028,0,
00:00:12.432,-0.0048637418076396,-0.00437620608136058,-0.0151895042508841,0,
00:00:12.436,0.00826055463403463,-0.00175986287649721,-0.019891394302249,0,
00:00:12.44,-0.0153221497312188,2.10807993425988E-05,0.000182876014150679,0,
00:00:12.444,-0.00106975028757006,0.0116486744955182,0.00238206679932773,0,
00:00:12.448,0.00407177628949285,0.000187956567970105,0.0138125158846378,0,
00:00:12.452,-0.0152202425524592,-0.00629066023975611,-0.00239228457212448,0,
00:00:12.456,0.016474487259984,3.12410193146206E-05,-0.00359093630686402,0,
00:00:12.46,0.000756290450226516,-0.000115698530862574,-0.00283468677662313,0,
00:00:12.464,0.00858032424002886,-0.00524135073646903,0.00749541586264968,0,
00:00:12.468,-0.00836234074085951,-0.00136734219267964,-0.00267801596783102,0,
00:00:12.472,-0.00752497650682926,0.00675794761627913,-0.00235368078574538,0,
00:00:12.476,0.00660151615738869,0.00604815036058426,0.0188037324696779,0,
00:00:12.48,-0.003124566283077,-0.00874048937112093,-0.0142002226784825,0,
00:00:12.484,-0.00673936866223812,0.00133372936397791,-0.0174661427736282,0,
00:00:12.488,0.00225763698108494,-0.000161042669788003,-0.000828405143693089,0,
00:00:12.492,0.0116471480578184,0.00203302339650691,0.0189608614891768,0,
00:00:12.496,0.000307710084598511,0.000428218452725559,0.00365940411575139,0,
00:00:12.5,-0.0057126497849822,-0.00524464575573802,-0.0153952622786164,0,
00:00:12.504,-0.00345259136520326,0.000459031696664169,0.0223365649580956,0,
00:00:12.508,0.00630782591179013,0.00443979818373919,-0.0023284899070859,0,
00:00:12.512,-0.00183671223931015,0.00201323325745761,-0.0148451989516616,0,
00:00:12.516,-0.0214807372540236,-0.00715503701940179,-0.016994871199131,0,
00:00:12.52,0.0249695498496294,-0.00249617616645992,0.0105998488143086,0,
00:00:12.524,0.0178661644458771,0.0111312689259648,0.0084922481328249,0,
00:00:12.528,-0.0155782299116254,0.00492892740294337,0.00936376769095659,0,
00:00:12.532,-0.0113135417923331,-0.00934017170220613,0.00161675584968179,0,
00:00:12.536,-0.00662522623315454,-0.00464167958125472,-0.0107611995190382,0,
00:00:12.54,-0.0114271817728877,-0.00236926251091063,-0.00635790405794978,0,
00:00:12.544,0.0255854297429323,0.00196596514433622,-0.00147480878513306,0,
00:00:12.548,0.00541224237531424,0.0122161721810699,0.0311927180737257,0,
00:00:12.552,0.00571357877925038,-0.00267350673675537,-0.0137502048164606,0,
00:00:12.556,-0.0224078800529242,-0.00744371395558119,-0.0195079334080219,0,
00:00:12.56,0.00256410939618945,0.00105168274603784,-0.0128679666668177,0,
00:00:12.564,0.017068188637495,-0.000291184929665178,0.00508346408605576,0,
00:00:12.568,-0.0274851582944393,0.00029747313237749,0.0372660718858242,0,
00:00:12.572,0.0438431203365326,-0.00120284501463175,-0.00487579172477126,0,
00:00:12.576,-0.0250700879842043,0.000773455365560949,-0.0106782978400588,0,
00:00:12.58,-0.0230061989277601,0.00614660372957587,-0.00308615551330149,0,
00:00:12.584,0.00375934690237045,0.00395846785977483,0.000471673440188169,0,
00:00:12.588,0.0143050821498036,-0.00660020718351007,-0.00521442946046591,0,
00:00:12.592,0.00975460465997458,-0.0057240822352469,-0.0042554191313684,0,
00:00:12.596,-0.00869779847562313,-0.00143269915133715,0.00166252569761127,0,
00:00:12.6,0.00605211826041341,-0.000153501212480478,0.0029494313057512,0,
00:00:12.604,0.00302860024385154,0.00286622252315283,0.0127912936732173,0,
00:00:12.608,-0.0109571553766727,0.00578662287443876,0.0039485665038228,0,
00:00:12.612,0.00899483729153872,0.00456709507852793,-0.0154575491324067,0,
00:00:12.616,-0.00964025687426329,-0.00111542420927435,-0.00648196367546916,0,
00:00:12.62,-0.00584592344239354,-0.00654618069529533,0.0124454628676176,0,
00:00:12.624,0.0101097347214818,-0.00439174054190516,-0.00839542411267757,0,
00:00:12.628,0.00406627962365747,-0.000489288184326142,0.0170423127710819,0,
00:00:12.632,-0.00736792804673314,0.00211127568036318,-0.0137647408992052,0,
00:00:12.636,-0.00352268596179783,0.00472740270197392,0.00070908066118136,0,
00:00:12.64,0.0123562160879374,-0.00231258012354374,-0.00857443548738956,0,
00:00:12.644,-0.00356288882903755,-0.00134866475127637,0.00755578512325883,0,
00:00:12.648,0.011749598197639,0.00699335476383567,0.0066517312079668,0,
00:00:12.652,-0.0256631970405579,-0.00638065906241536,-0.00294155906885862,0,
00:00:12.656,-0.0101226903498173,0.00235982169397175,0.00329495826736093,0,
00:00:12.66,0.0216629020869732,0.00147732812911272,-0.0147599726915359,0,
00:00:12.664,0.00610264111310244,-0.00515772774815559,0.0103383595123887,0,
00:00:12.668,-0.000802156748250127,0.00185532274190336,0.00981160625815392,0,
00:00:12.672,0.00332421506755054,-0.000385418650694191,-0.0130014540627599,0,
00:00:12.676,-0.00224560918286443,-0.000133625188027509,-0.00768510159105062,0,
00:00:12.68,-0.0142294066026807,0.000491213519126177,0.0228225216269493,0,
00:00:12.684,-0.00362286809831858,0.00070643110666424,0.00377183360978961,0,
00:00:12.688,0.00828854460269213,0.00256431847810745,-0.0220028422772884,0,
00:00:12.692,0.00243390607647598,-0.00187375640962273,-0.0206935089081526,0,
00:00:12.696,0.00744095910340548,-0.00392150226980448,0.00430932966992259,0,
00:00:12.7,-0.00511193834245205,-0.000592545722611248,0.0375307574868202,0,
00:00:12.704,-0.0109082981944084,0.0062808059155941,0.00167659495491534,0,
00:00:12.708,0.00710265757516027,0.000756411638576537,-0.00977383740246296,0,
00:00:12.712,0.0172055009752512,0.000413185218349099,-0.0129925170913339,0,
00:00:12.716,-0.0106092160567641,-0.00593330059200525,0.00851506553590298,0,
00:00:12.72,-0.0152901969850063,-0.00277105672284961,-0.0017848260467872,0,
00:00:12.724,0.011125429533422,0.00547533808276057,-0.00330843543633819,0,
00:00:12.728,-0.00943488627672195,-0.000832192832604051,-0.00134366354905069,0,
00:00:12.732,0.00151083432137966,0.001354516367428,-0.00540405372157693,0,
00:00:12.736,0.0187355503439903,0.000653204042464495,0.0139608383178711,0,
00:00:12.74,-0.000237200336414389,0.00577427400276065,0.0047222631983459,0,
00:00:12.744,-0.0180377624928951,-0.0110392365604639,-0.00763654708862305,0,
00:00:12.748,0.0111613878980279,0.000297515973215923,-0.00647759390994906,0,
00:00:12.752,-0.00676570041105151,0.0025397683493793,-0.00565039226785302,0,
00:00:12.756,-0.0111339064314961,-0.00474341353401542,-0.00416508782655001,0,
00:00:12.76,0.00491423439234495,0.00389858894050121,0.0268732458353043,0,
00:00:12.764,0.0238090697675943,0.00621556164696813,0.00102826324291527,0,
00:00:12.768,-0.00131376727949828,-0.000570095318835229,0.00199114438146353,0,
00:00:12.772,-0.0142459673807025,-0.00271314522251487,-0.0219071861356497,0,
00:00:12.776,-0.00877963099628687,-0.00430922443047166,-0.0222150459885597,0,
00:00:12.78,-0.0104397321119905,0.00113284331746399,0.0211750604212284,0,
00:00:12.784,0.0107970256358385,-9.37441946007311E-05,0.0191440526396036,0,
00:00:12.788,0.0529569499194622,0.00508597958832979,0.000247926916927099,0,
00:00:12.792,-0.0284377504140139,-0.00248588458634913,-0.000727421138435602,0,
00:00:12.796,-0.031796470284462,0.00192435912322253,-0.0125895282253623,0,
00:00:12.8,-0.0142572075128555,-0.00409410707652569,-0.0205481480807066,0,
00:00:12.804,0.0208914484828711,0.00206085271202028,0.024086058139801,0,
00:00:12.808,0.0105544924736023,-0.00301129254512489,0.00270020612515509,0,
00:00:12.812,0.0135378111153841,0.00526126008480787,-0.00135566701646894,0,
00:00:12.816,-0.00462132506072521,-0.00435867719352245,-0.00695625133812428,0,
00:00:12.82,0.00431969156488776,-0.000488136662170291,-0.00658388249576092,0,
00:00:12.824,-0.025331873446703,-0.00298945768736303,0.0124396989122033,0,
00:00:12.828,-0.00919814966619015,0.00935426261276007,0.0012064854381606,0,
00:00:12.832,0.0255755409598351,0.00617716321721673,-0.00184181204531342,0,
00:00:12.836,0.00327317835763097,-0.0130774118006229,-0.00369767681695521,0,
00:00:12.84,-0.0152002656832337,-0.00554255302995443,0.0117300944402814,0,
00:00:12.844,0.0151946041733027,0.00180347659625113,-0.00397426169365644,0,
00:00:12.848,-0.00395995425060391,0.0090840645134449,-0.00541071966290474,0,
00:00:12.852,-0.00482968799769878,0.00436834199354053,-0.0107047837227583,0,
00:00:12.856,-0.00946707278490067,-0.00356607045978308,-0.00416180910542607,0,
00:00:12.86,0.00308570195920765,-0.00640423875302076,0.00540487933903933,0,
00:00:12.864,0.00389332533814013,0.0018986368086189,0.0152246849611402,0,
00:00:12.868,0.00589932594448328,-0.000135748894535936,0.00900588743388653,0,
00:00:12.872,0.00442292727530003,-0.00208896002732217,-0.0172706488519907,0,
00:00:12.876,-0.0012412064243108,0.000375669362256303,-0.00132352311629802,0,
00:00:12.88,-0.00450959242880344,0.00633648689836264,0.000927028188016266,0,
00:00:12.884,-0.00634332234039903,-0.00178356433752924,0.010395216755569,0,
00:00:12.888,-0.0103930719196796,0.00185135856736451,0.0166731979697943,0,
00:00:12.892,0.0160898026078939,-0.00254474999383092,-0.0193811003118753,0,
00:00:12.896,0.0041392594575882,-0.00462504476308823,-0.0291845686733723,0,
00:00:12.9,-0.00976977311074734,0.00104796385858208,-0.00618142122402787,0,
00:00:12.904,0.00915546994656324,0.00427852291613817,0.0195780824869871,0,
00:00:12.908,-0.00157196656800807,-0.00267708534374833,0.0166749823838472,0,
00:00:12.912,-0.0178928449749947,0.000519826775416732,-0.00289522879756987,0,
00:00:12.916,0.032815545797348,0.00505355978384614,0.00232391245663166,0,
00:00:12.92,0.00847988575696945,0.00258465972729027,0.0330164805054665,0,
00:00:12.924,-0.0527105778455734,-0.0177843775600195,-0.0179143268615007,0,
00:00:12.928,0.0123826861381531,0.00628721667453647,-0.0413350611925125,0,
00:00:12.932,0.0230468306690454,0.00132344174198806,0.00291214440949261,0,
00:00:12.936,-0.00965362600982189,0.00386080611497164,0.00768496701493859,0,
00:00:12.94,-0.00822804868221283,0.00235328986309469,-0.000922914070542902,0,
00:00:12.944,0.00487313978374004,-6.92183357386966E-06,0.00620751362293959,0,
00:00:12.948,0.00416931184008718,-0.00150185672100633,0.0117416828870773,0,
00:00:12.952,0.00270147947594523,-0.00173073296900839,-0.00364585127681494,0,
00:00:12.956,0.00690269377082586,-0.00317020528018475,-0.00750903133302927,0,
00:00:12.96,-0.0068975854665041,0.0079742856323719,0.00800628773868084,0,
00:00:12.964,-0.00659551471471787,0.000259096384979784,0.0113007947802544,0,
00:00:12.968,8.73059325385839E-05,-0.0164087861776352,0.000931566581130028,0,
00:00:12.972,0.00809624418616295,0.00370467989705503,-0.00334907183423638,0,
00:00:12.976,-0.00235926918685436,0.0120534244924784,-0.0298489686101675,0,
00:00:12.98,-0.0105043286457658,0.000842378649394959,-0.00799046829342842,0,
00:00:12.984,-0.00254529761150479,-0.00296021066606045,0.00887951254844666,0,
00:00:12.988,0.0112208425998688,-0.00489925500005484,0.0203703604638577,0,
00:00:12.992,0.00523381447419524,0.000715711910743266,0.00229305610992014,0,
00:00:12.996,-0.000174894405063242,0.0039107664488256,8.84824330569245E-05,0,
00:00:13,-0.00295879412442446,-0.000902524450793862,0.000348354427842423,0,
00:00:13.004,-0.00104530376847833,0.000456738780485466,-0.00241338275372982,0,
00:00:13.008,0.000406453153118491,0.00141197303310037,-0.00996943470090628,0,
00:00:13.012,-0.00576158706098795,-0.00954898074269295,-0.0177912730723619,0,
00:00:13.016,-0.0129788778722286,0.00114915939047933,0.0401814319193363,0,
00:00:13.02,0.00939077138900757,0.00230372953228652,0.00587924756109715,0,
00:00:13.024,0.0157451257109642,0.00532390829175711,-0.00399386743083596,0,
00:00:13.028,0.0159388426691294,0.00259171635843813,-0.0225910451263189,0,
00:00:13.032,-0.0225815773010254,0.00130612857174128,-0.0167769193649292,0,
00:00:13.036,-0.0105586126446724,-0.00653875712305307,-0.00703593669459224,0,
00:00:13.04,-0.00285240146331489,-0.00201807962730527,0.00971578899770975,0,
00:00:13.044,0.00836674775928259,0.000286733411485329,0.020632553845644,0,
00:00:13.048,0.00464931456372142,0.0031675964128226,0.0127700977027416,0,
00:00:13.052,0.00365130812861025,-0.00306073110550642,-0.00331401894800365,0,
00:00:13.056,-0.00661631487309933,0.00291693350300193,-0.00506494985893369,0,
00:00:13.06,-0.00528700370341539,-0.000477519584819674,-0.00945105869323015,0,
00:00:13.064,0.00360066723078489,-0.000859345600474626,-0.00392664643004537,0,
00:00:13.068,0.030137462541461,0.00388035457581282,0.0141399959102273,0,
00:00:13.072,-0.0270433928817511,-0.00368118472397327,0.00663482816889882,0,
00:00:13.076,-0.00982713978737593,-0.0111452490091324,-0.0163557175546885,0,
00:00:13.08,0.000890392519067973,0.00993296504020691,-0.00715700117871165,0,
00:00:13.084,0.00517390482127666,0.00842160359025002,0.00426229368895292,0,
00:00:13.088,0.00275445403531194,-0.00512781133875251,0.00201413640752435,0,
00:00:13.092,0.00433104950934649,0.00190701172687113,-0.00509489746764302,0,
00:00:13.096,0.00150226929690689,-0.00212573702447116,-0.00364120164886117,0,
00:00:13.1,-0.00134995277039707,-0.000533143698703498,0.00916710961610079,0,
00:00:13.104,0.00164554349612445,0.000838859239593148,0.0108536006882787,0,
00:00:13.108,-0.0142956338822842,-0.00751724699512124,-0.00928419269621372,0,
00:00:13.112,-0.0148859014734626,0.0016014949651435,0.0226147696375847,0,
00:00:13.116,0.047121312469244,-0.000829805328976363,-0.0164741240441799,0,
00:00:13.12,0.00667276000604033,0.00181304349098355,-0.0135140903294086,0,
00:00:13.124,-0.039292398840189,0.00540932361036539,0.0132737439125776,0,
00:00:13.128,-0.0103549845516682,0.00272947479970753,-0.00530361430719495,0,
00:00:13.132,0.016960671171546,-0.000768124940805137,-0.0188065711408854,0,
00:00:13.136,-0.000642382889054716,-0.000531022727955133,0.0124712074175477,0,
00:00:13.14,-0.00642096158117056,-0.00655279587954283,0.0169219393283129,0,
00:00:13.144,0.0130436271429062,-0.000950435874983668,-0.0106262257322669,0,
00:00:13.148,0.0212780591100454,0.00358029222115874,-0.00541060231626034,0,
00:00:13.152,-0.0185896065086126,-0.00012445253378246,0.00555590726435184,0,
00:00:13.156,-0.0101710492745042,-0.00257828156463802,0.00665162596851587,0,
00:00:13.16,0.00134981598239392,0.00410173367708921,0.00470972387120128,0,
00:00:13.164,-0.00415243208408356,0.000127101768157445,-0.0120743196457624,0,
00:00:13.168,0.00217978260479867,0.00315955677069724,-0.00817658565938473,0,
00:00:13.172,-2.20325491682161E-05,-0.0109710032120347,0.00207127793692052,0,
00:00:13.176,0.00289230211637914,0.00032807479146868,0.0050831432454288,0,
00:00:13.18,0.0227479618042707,0.0108790118247271,0.00386548275128007,0,
00:00:13.184,-0.0213078632950783,-0.00185039476491511,-0.00704979663714767,0,
00:00:13.188,-0.0127013204619288,0.000707799743395299,0.0091294888406992,0,
00:00:13.192,0.0285694748163223,-0.00327938213013113,0.000827691284939647,0,
00:00:13.196,-0.0228598918765783,-0.00467412499710917,0.00584096368402243,0,
00:00:13.2,-0.00278813042677939,0.00141449715010822,-0.0147007098421454,0,
00:00:13.204,0.0189026538282633,0.0046955025754869,0.0104692773893476,0,
00:00:13.208,0.00144889648072422,0.00378765212371945,-0.0155187537893653,0,
00:00:13.212,-0.00403292430564761,-0.00747037073597312,0.00308268843218684,0,
00:00:13.216,-0.0186058226972818,-0.00633594719693065,-0.00894611421972513,0,
00:00:13.22,0.00324852648191154,0.00727716367691755,0.0143705755472183,0,
00:00:13.224,0.0188938733190298,0.00570162525400519,0.0150807229802012,0,
00:00:13.228,-0.00621721707284451,-0.00154603039845824,-0.0133608737960458,0,
00:00:13.232,-0.00932949781417847,-0.00713978754356503,0.00502127688378096,0,
00:00:13.236,0.00254427897743881,0.00417994987219572,-0.00294207991100848,0,
00:00:13.24,0.00673894770443439,0.00106965727172792,-0.00488100154325366,0,
00:00:13.244,-0.00151463586371392,-0.00258724484592676,-0.00719444174319506,0,
00:00:13.248,-0.00606766948476434,0.00109251320827752,0.00581995444372296,0,
00:00:13.252,0.00982890091836452,-0.0010135464835912,-0.00524462992325425,0,
00:00:13.256,0.00640273839235306,0.0062011438421905,0.00676381075754762,0,
00:00:13.26,-0.0178386513143778,-0.00499315559864044,0.00203043664805591,0,
00:00:13.264,0.00374782178550959,0.00232332362793386,0.00136212143115699,0,
00:00:13.268,0.00688343774527311,0.000258875894360244,0.01126076746732,0,
00:00:13.272,-0.0179823786020279,-0.0146995410323143,0.00257377559319139,0,
00:00:13.276,0.00351155875250697,0.00717636290937662,-0.0167451836168766,0,
00:00:13.28,0.0285988710820675,0.00638179015368223,-0.0117275640368462,0,
00:00:13.284,-0.00852946098893881,0.00284996535629034,-0.00302954413928092,0,
00:00:13.288,-0.0172862447798252,-0.00251687550917268,-0.000122842524433509,0,
00:00:13.292,-0.0102398013696074,0.00402269931510091,0.0128875039517879,0,
00:00:13.296,0.0211804918944836,-0.00649260962381959,0.0174956861883402,0,
00:00:13.3,0.0104034291580319,-0.00229516881518066,0.0186322126537561,0,
00:00:13.304,0.00354977953247726,0.000356628035660833,-0.0254728998988867,0,
00:00:13.308,-0.0188780482858419,0.00557527504861355,-0.0288356561213732,0,
00:00:13.312,-0.0170230567455292,-0.00470780767500401,0.00635089399293065,0,
00:00:13.316,0.00545849371701479,-0.000648622284643352,0.00844546128064394,0,
00:00:13.32,0.00238623702898622,0.0012785957660526,-0.00115054927300662,0,
00:00:13.324,0.0109860729426146,0.00147173914592713,0.0178399253636599,0,
00:00:13.328,0.0183940939605236,0.000772223167587072,0.000842676789034158,0,
00:00:13.332,-0.0125440135598183,-0.00211875466629863,-0.0103099457919598,0,
00:00:13.336,-0.00769997388124466,0.00144820520654321,0.00389398518018425,0,
00:00:13.34,-0.00670872023329139,0.00105186726432294,-0.0079371789470315,0,
00:00:13.344,0.00480874627828598,-0.000196349472389556,-0.0150020029395819,0,
00:00:13.348,0.019909055903554,-0.000927382614463568,0.0277328044176102,0,
00:00:13.352,-0.00967434421181679,0.00117009016685188,-0.00116455240640789,0,
00:00:13.356,-0.0144750894978642,-0.00241463538259268,-0.0164134055376053,0,
00:00:13.36,-0.003115548286587,-0.00157360860612243,0.00672891130670905,0,
00:00:13.364,-0.0293529145419598,0.000185732933459803,1.05563085526228E-05,0,
00:00:13.368,0.0621824227273464,0.0033110985532403,0.0143790738657117,0,
00:00:13.372,0.0355997122824192,-0.00485183577984571,-0.0150336194783449,0,
00:00:13.376,-0.0620852895081043,0.000921967788599432,-0.0124886156991124,0,
00:00:13.38,-0.0239793341606855,0.00716353580355644,0.00297756306827068,0,
00:00:13.384,0.00601543206721544,0.000440285308286548,0.0154442265629768,0,
00:00:13.388,0.0177514217793942,-0.000552642159163952,0.0121325496584177,0,
00:00:13.392,0.00639271317049861,-0.00268664862960577,-0.00999732874333858,0,
00:00:13.396,0.00902261584997177,-0.00508427247405052,-0.00829836167395115,0,
00:00:13.4,-0.0113315191119909,-0.00388097343966365,-0.00358077907003462,0,
00:00:13.404,0.0147297419607639,0.00353656429797411,-0.00769831985235214,0,
00:00:13.408,0.0012143615167588,0.00246472400613129,-0.0018960073357448,0,
00:00:13.412,-0.0346958786249161,0.00654690666124225,0.048025693744421,0,
00:00:13.416,0.0123621243983507,-0.00238110381178558,-0.0178522206842899,0,
00:00:13.42,0.00520423147827387,0.00113360083196312,-0.0175506733357906,0,
00:00:13.424,2.44041402766015E-05,-0.000949128880165517,-0.0129867922514677,0,
00:00:13.428,0.000554748985450715,-0.00260565336793661,-0.0104182912036777,0,
00:00:13.432,0.00353554403409362,-0.00861613545566797,0.0161059163510799,0,
00:00:13.436,0.00347848027013242,0.00286413612775505,0.0318745598196983,0,
00:00:13.44,-0.0010313488310203,0.00736749265342951,0.00635288516059518,0,
00:00:13.444,-0.0265837255865335,0.00341791519895196,-0.0171886309981346,0,
00:00:13.448,0.0244297739118338,-0.00111672887578607,-0.0282422266900539,0,
00:00:13.452,0.027161817997694,-0.00734665989875793,-0.00881373416632414,0,
00:00:13.456,-0.0349300019443035,-0.00506058940663934,0.0217522755265236,0,
00:00:13.46,-0.00139963335823268,0.00599260069429874,0.00774334603920579,0,
00:00:13.464,0.000622502062469721,0.00561556592583656,0.00375783792696893,0,
00:00:13.468,-0.00422078557312489,0.00370095623657107,0.0012375027872622,0,
00:00:13.472,0.0186214875429869,-0.00155797589104623,-0.00949500873684883,0,
00:00:13.476,-0.013608300127089,-0.00847876537591219,-0.00527765089645982,0,
00:00:13.48,0.00294429203495383,-0.00403896812349558,0.00507471524178982,0,
00:00:13.484,0.00470504071563482,0.00356051931157708,0.00629575410857797,0,
00:00:13.488,-0.00888474378734827,0.00622751424089074,0.00897363666445017,0,
00:00:13.492,0.00213990150950849,-0.00207240507006645,-0.0196849517524242,0,
00:00:13.496,0.0053588435985148,5.75756057514809E-05,-0.0110766673460603,0,
00:00:13.5,0.0202222466468811,3.55488191416953E-05,0.0114552583545446,0,
00:00:13.504,-0.0112695572897792,-0.000399020209442824,0.00652399240061641,0,
00:00:13.508,-0.0169785432517529,-0.000564879097510129,0.0027971223462373,0,
00:00:13.512,-0.0030571729876101,0.00582538777962327,0.00205967202782631,0,
00:00:13.516,-0.00515411281958222,-0.012253169901669,0.00473929848521948,0,
00:00:13.52,0.0102574303746223,0.00322193163447082,-0.00521070277318358,0,
00:00:13.524,0.00958993285894394,0.0047389823012054,-0.0202348884195089,0,
00:00:13.528,0.0116522293537855,-0.00242970162071288,0.00479743164032698,0,
00:00:13.532,-0.0162264127284288,0.00288397539407015,0.00918174814432859,0,
00:00:13.536,-0.015333691611886,-0.000864245754200965,0.00105290696956217,0,
00:00:13.54,0.0146336006000638,-0.00337977008894086,-0.00210845563560724,0,
00:00:13.544,0.00869794003665447,0.00139669387135655,0.00652159936726093,0,
00:00:13.548,-0.000314107834128663,0.00180246902164072,-0.00182510737795383,0,
00:00:13.552,-0.0114972135052085,0.000664874620269984,-0.00508363731205463,0,
00:00:13.556,0.00266413809731603,-0.00249573611654341,0.00870746280997992,0,
00:00:13.56,-0.00381942978128791,0.00526849646121264,0.00415468914434314,0,
00:00:13.564,0.00737592857331038,-0.000934792798943818,-0.015415707603097,0,
00:00:13.568,-0.00747060310095549,-0.0095070218667388,-0.00891344156116247,0,
00:00:13.572,-0.00109021784737706,0.00122893427032977,-0.00229208869859576,0,
00:00:13.576,0.00534554151818156,0.00614738231524825,0.00533992704004049,0,
00:00:13.58,0.00406538182869554,0.000937472912482917,0.0247459951788187,0,
00:00:13.584,-0.00138713011983782,-0.000961047364398837,-0.00543228164315224,0,
00:00:13.588,0.0106034139171243,0.000952902308199555,0.00797333661466837,0,
00:00:13.592,-0.0168395899236202,0.00157020858023316,-0.00274620484560728,0,
00:00:13.596,-0.00582530908286572,-0.00979294441640377,-0.0215921569615602,0,
00:00:13.6,0.00472799735143781,-0.00339764542877674,-0.0114595610648394,0,
00:00:13.604,0.00376576301641762,0.0121798999607563,0.00271684303879738,0,
00:00:13.608,0.00496842619031668,0.00258002476766706,0.0163656193763018,0,
00:00:13.612,0.00563224637880921,-0.00191052921582013,0.00163846020586789,0,
00:00:13.616,-0.00982027314603329,-0.00283948518335819,-0.000317399593768641,0,
00:00:13.62,-0.00218821340240538,0.000193034880794585,-0.00159939262084663,0,
00:00:13.624,0.0069782636128366,-0.00243681902065873,0.019268935546279,0,
00:00:13.628,-0.0129345525056124,-0.00316568417474627,-0.0120182493701577,0,
00:00:13.632,0.00797639414668083,0.00475581036880612,-0.00942250806838274,0,
00:00:13.636,0.000242540452745743,0.00118552707135677,-0.0109395012259483,0,
00:00:13.64,-0.0169302858412266,-0.00225949240848422,0.00376271293498576,0,
00:00:13.644,0.0392426215112209,0.00355351623147726,0.00545952515676618,0,
00:00:13.648,0.0152199072763324,0.00136296171694994,0.00938909128308296,0,
00:00:13.652,-0.0523032136261463,-0.00567696057260036,-0.000968548411037773,0,
00:00:13.656,-0.021279638633132,-0.000682096055243164,-0.00927305035293102,0,
00:00:13.66,0.0200435537844896,0.00342970923520625,0.0143258357420564,0,
00:00:13.664,0.0207151174545288,-0.00256702303886414,0.00291415001265705,0,
00:00:13.668,0.0206634532660246,0.00109346001408994,-0.0109376171603799,0,
00:00:13.672,-0.00432603433728218,0.00351376552134752,-0.023644732311368,0,
00:00:13.676,-0.0208954140543938,-0.00142806733492762,0.00531718693673611,0,
00:00:13.68,-0.0151669625192881,-0.00197591539472342,0.0309680048376322,0,
00:00:13.684,0.0033868842292577,-0.000887717586010695,-0.00701010506600142,0,
00:00:13.688,0.000410199223551899,0.000240744047914632,-0.0122274598106742,0,
00:00:13.692,0.0249264389276505,-0.00130564183928072,0.0113948816433549,0,
00:00:13.696,-0.00317091401666403,0.00475085480138659,0.0155409034341574,0,
00:00:13.7,-0.00893809646368027,-1.30764483401435E-05,-0.0289338789880276,0,
00:00:13.704,-0.00339807965792716,-0.00360279087908566,-0.0150916986167431,0,
00:00:13.708,-0.00248927157372236,0.000684892234858125,0.0143535658717155,0,
00:00:13.712,0.00703822635114193,-0.000900448707398027,0.00345106585882604,0,
00:00:13.716,-0.00116206530947238,0.00445575453341007,0.0183017980307341,0,
00:00:13.72,-0.00231305882334709,-0.000658795353956521,-0.00339166168123484,0,
00:00:13.724,0.00116121675819159,-0.0020476330537349,-0.0128601491451263,0,
00:00:13.728,-0.00972771644592285,0.00269971136003733,-0.00207877135835588,0,
00:00:13.732,0.00949075445532799,-0.00217972812242806,-0.00224251067265868,0,
00:00:13.736,0.00950943119823933,-0.0088768545538187,-1.67589041666361E-06,0,
00:00:13.74,-0.00784090999513865,0.000667964282911271,0.01457261107862,0,
00:00:13.744,-0.00411091651767492,0.00735339196398854,0.00969063583761454,0,
00:00:13.748,-0.000243374277488329,0.0113253872841597,-0.00669539347290993,0,
00:00:13.752,0.00176143005955964,-0.00733497366309166,-0.030539371073246,0,
00:00:13.756,-0.00850660167634487,-0.00530887022614479,-0.0071977679617703,0,
00:00:13.76,0.0523341484367847,-0.00192675681319088,0.0287609547376633,0,
00:00:13.764,-0.041783794760704,0.000676310388371348,0.0200960524380207,0,
00:00:13.768,-0.0290307980030775,0.00174602586776018,0.00111321918666363,0,
00:00:13.772,0.00974002294242382,0.00152243603952229,-0.0341143608093262,0,
00:00:13.776,0.0130774145945907,-0.00139014620799571,-0.0122503647580743,0,
00:00:13.78,0.0144695155322552,0.00185287406202406,0.0110531616955996,0,
00:00:13.784,0.00246680877171457,0.00316550675779581,0.0245920978486538,0,
00:00:13.788,-0.0105712488293648,-0.000292350334348157,0.00209022336639464,0,
00:00:13.792,0.0103871980682015,-0.0027204358484596,-0.0141439605504274,0,
00:00:13.796,-0.0111226653680205,-0.0111043695360422,-0.019187368452549,0,
00:00:13.8,-0.0069194259122014,0.00860388204455376,0.0287353862076998,0,
00:00:13.804,-0.00492656230926514,0.000697677605785429,-0.000172799846041016,0,
00:00:13.808,0.00711240200325847,0.00423747766762972,-0.00623124605044723,0,
00:00:13.812,0.00723860645666718,-0.00309271109290421,-0.0206479504704475,0,
00:00:13.816,0.00708753988146782,-0.000196234759641811,0.0171568598598242,0,
00:00:13.82,-0.00713057909160852,0.000214726649574004,0.0101984655484557,0,
00:00:13.824,-0.00632652407512069,-0.000100807716080453,-0.00736200157552958,0,
00:00:13.828,0.000614609336480498,0.00172751396894455,-0.0114931864663959,0,
00:00:13.832,0.00224696146324277,-0.00438497168943286,-0.00426289578899741,0,
00:00:13.836,0.00361107988283038,0.000183663461939432,0.0136357471346855,0,
00:00:13.84,-0.0037306472659111,0.00151422456838191,0.00907742138952017,0,
00:00:13.844,-0.00016081465582829,0.00325656356289983,0.00203689164482057,0,
00:00:13.848,-0.00130768667440861,0.00252719363197684,-0.0137704918161035,0,
00:00:13.852,0.0108292503282428,-0.010039497166872,-0.010045712813735,0,
00:00:13.856,-0.0248622335493565,-3.71537607861683E-05,0.0134862530976534,0,
00:00:13.86,0.0173836965113878,0.00335680856369436,0.00187194079626352,0,
00:00:13.864,0.0215442813932896,0.00290797161869705,0.00408552540466189,0,
00:00:13.868,-0.0149923963472247,0.00314287049695849,-0.00811329297721386,0,
00:00:13.872,-0.0203022435307503,-0.00251396675594151,-0.012000409886241,0,
00:00:13.876,-0.00355778401717544,-0.00702902488410473,0.00161466747522354,0,
00:00:13.88,0.00723390001803637,0.00683861272409558,0.0164477322250605,0,
00:00:13.884,0.0178383812308311,-0.000336105236783624,-0.000437237496953458,0,
00:00:13.888,-0.00387872033752501,-0.0039220261387527,0.00694303074851632,0,
00:00:13.892,-0.00353434425778687,0.00301312701776624,-0.0076041491702199,0,
00:00:13.896,0.00253003789111972,-0.00437412969768047,-0.0287960581481457,0,
00:00:13.9,-0.00407071458175778,0.00114804832264781,0.0393892303109169,0,
00:00:13.904,-0.000722419819794595,0.0132819134742022,0.000234244769671932,0,
00:00:13.908,-0.00191630877088755,-0.00571225909516215,-0.023020051419735,0,
00:00:13.912,0.00219005765393376,-0.00977977458387613,-0.00467087095603347,0,
00:00:13.916,0.00798631832003593,-0.00134673935826868,-0.00123422429896891,0,
00:00:13.92,-0.0202154517173767,0.00280778342857957,0.0150170484557748,0,
00:00:13.924,0.00812101271003485,0.00133196183014661,0.00957706570625305,0,
00:00:13.928,0.0286913011223078,0.00401845341548324,-0.0063154362142086,0,
00:00:13.932,-0.0187222305685282,0.00815245416015387,0.00417063338682055,0,
00:00:13.936,-0.0178283844143152,-0.0128628145903349,-0.0116732316091657,0,
00:00:13.94,-0.00141519389580935,0.00104542507324368,0.00164445268455893,0,
00:00:13.944,0.0115100750699639,0.000544946873560548,0.00197783182375133,0,
00:00:13.948,0.0209267195314169,-0.0015681852819398,-0.00658436492085457,0,
00:00:13.952,-0.0331386141479015,0.0045231687836349,-0.00392739800736308,0,
00:00:13.956,0.0086335688829422,-0.00416401633992791,0.00541311921551824,0,
00:00:13.96,0.00639467826113105,0.00675033219158649,0.0108335400000215,0,
00:00:13.964,-0.000350282061845064,-0.00174295913893729,-0.00243903673253953,0,
00:00:13.968,0.0256089642643929,-0.00532618165016174,0.0047127939760685,0,
00:00:13.972,-0.0115317432209849,0.00228164368309081,-0.0133786210790277,0,
00:00:13.976,-0.0303883217275143,0.00185184425208718,0.00832331366837025,0,
00:00:13.98,0.00606045639142394,-0.00227111461572349,0.010410382412374,0,
00:00:13.984,0.00616916408762336,-0.00142467534169555,-0.0196241997182369,0,
00:00:13.988,-0.00417747022584081,0.00241311732679605,-0.0137335676699877,0,
00:00:13.992,0.00335457199253142,-0.00483279908075929,0.00675816088914871,0,
00:00:13.996,0.0165186710655689,0.00144665222615004,0.00788160599768162,0,
00:00:14,0.00489536020904779,0.00771267805248499,0.0142180137336254,0,
00:00:14.004,-0.0172213781625032,-0.00341962883248925,0.0113252811133862,0,
00:00:14.008,-0.00897567253559828,0.00546781392768025,-0.00808981992304325,0,
00:00:14.012,-0.0161492004990578,-0.0057182414457202,-0.0211156625300646,0,
00:00:14.016,0.0357569642364979,-0.000565664609894156,0.00562075339257717,0,
00:00:14.02,0.0172771364450455,-0.000428853410994634,0.00106732919812202,0,
00:00:14.024,-0.0190865490585566,-0.000879254890605807,-0.00701613910496235,0,
00:00:14.028,-0.0179797764867544,-0.00277660205028951,0.00329549191519618,0,
00:00:14.032,-0.00324542913585901,-0.00225346372462809,-0.000990129192359746,0,
00:00:14.036,0.00718204863369465,0.00401798961684108,0.00287821912206709,0,
00:00:14.04,0.00913429167121649,0.00202096393331885,0.00499441102147102,0,
00:00:14.044,-0.0154467225074768,0.00364500121213496,0.00994813442230225,0,
00:00:14.048,0.0115527659654617,0.00510901352390647,-0.000968970183748752,0,
00:00:14.052,0.0167998820543289,-0.0118020819500089,-0.00432366551831365,0,
00:00:14.056,-0.00638121133670211,0.00636487826704979,5.42119450983591E-05,0,
00:00:14.06,-0.00595450168475509,-0.00529916770756245,-0.0147516261786222,0,
00:00:14.064,-0.00750274397432804,-0.00134801166132092,-0.00243571889586747,0,
00:00:14.068,0.000847877177875489,0.00107823358848691,0.00410976121202111,0,
00:00:14.072,-0.00486976420506835,0.00178276433143765,-0.00279647530987859,0,
00:00:14.076,-1.6923419025261E-05,-0.00284256995655596,0.00749691529199481,0,
00:00:14.08,0.00643421662971377,0.00644544418901205,0.0095130717381835,0,
00:00:14.084,0.00306169898249209,0.00308490497991443,0.00294956681318581,0,
00:00:14.088,-0.00287508708424866,0.000292200245894492,-0.0135481534525752,0,
00:00:14.092,0.00803877040743828,-0.0100446073338389,-0.00804621260613203,0,
00:00:14.096,0.00670396536588669,-0.000866461952682585,0.0219808276742697,0,
00:00:14.1,-0.00165029324125499,-0.00421023461967707,0.0197948794811964,0,
00:00:14.104,-0.0256655123084784,0.00375585281290114,-0.01275101210922,0,
00:00:14.108,-0.0038311209063977,0.00986520759761333,-0.0318641476333141,0,
00:00:14.112,0.00818776711821556,0.00180708651896566,-0.0188129730522633,0,
00:00:14.116,0.012266593053937,-0.00474749598652124,0.005491245072335,0,
00:00:14.12,0.00627718586474657,0.00247446727007627,0.0226449817419052,0,
00:00:14.124,0.00132820231374353,-0.00475458381697536,0.0153691433370113,0,
00:00:14.128,-0.00447240611538291,-0.00164305442012846,0.00485186744481325,0,
00:00:14.132,-0.00415971037000418,-0.00450210366398096,-0.00552443834021688,0,
00:00:14.136,-0.0208286624401808,0.00428851088508964,-0.0153603665530682,0,
00:00:14.14,0.0111403968185186,-0.000189269630936906,0.0178472492843866,0,
00:00:14.144,0.00869735516607761,0.00501375505700707,-0.00653767772018909,0,
00:00:14.148,0.0106088882312179,-0.00411493191495538,-0.0160380620509386,0,
00:00:14.152,-0.00773740466684103,0.0023817247711122,0.0242367032915354,0,
00:00:14.156,0.00938944239169359,0.00395074253901839,-0.0113116623833776,0,
00:00:14.16,-0.0195581447333097,-0.00224962783977389,-0.0172241050750017,0,
00:00:14.164,-0.00460957130417228,-0.00325179402716458,0.00247599720023572,0,
00:00:14.168,0.00380853330716491,-0.00181581429205835,-0.00223241117782891,0,
00:00:14.172,0.00390329910442233,-0.00208661262877285,0.00794050097465515,0,
00:00:14.176,0.00617705332115293,0.000973592512309551,0.0121276285499334,0,
00:00:14.18,0.00282360566779971,0.00899638887494802,0.00814470462501049,0,
00:00:14.184,-0.00511614186689258,-0.00136477255728096,-0.00329755060374737,0,
00:00:14.188,0.00109350821003318,-0.00172222952824086,-0.00708461506292224,0,
00:00:14.192,0.00683133816346526,-0.00240637618117034,-0.00989028066396713,0,
00:00:14.196,-0.0069260778836906,-0.00193395500537008,-0.000484595540910959,0,
00:00:14.2,-0.00240632332861423,-0.00277308165095747,0.0141898533329368,0,
00:00:14.204,-0.0139567703008652,-0.00585027690976858,0.00654706172645092,0,
00:00:14.208,0.00481241568922997,0.00853365380316973,-0.00972472876310349,0,
00:00:14.212,0.00968297757208347,0.0076581253670156,-0.0104329511523247,0,
00:00:14.216,0.0148981148377061,0.00406049517914653,-0.0147362444549799,0,
00:00:14.22,-0.00869862083345652,-0.0087185874581337,0.0096193915233016,0,
00:00:14.224,-0.0154811218380928,-0.00178734760265797,0.00675023905932903,0,
00:00:14.228,0.0175249446183443,0.00418634386733174,0.0129390293732286,0,
00:00:14.232,-0.00870620459318161,-0.00586816389113665,-0.00344631401821971,0,
00:00:14.236,-0.00503249000757933,0.000776710512582213,-0.00196600402705371,0,
00:00:14.24,0.0173256620764732,-0.00277218664996326,0.00325223826803267,0,
00:00:14.244,-0.0162557139992714,0.00435442524030805,-0.00449642771854997,0,
00:00:14.248,-0.011953404173255,-0.00120043009519577,0.00862450618296862,0,
00:00:14.252,0.0321279056370258,0.00385601934976876,-0.0106884008273482,0,
00:00:14.256,-0.0122813079506159,-0.000648753833957016,-0.00436096359044313,0,
00:00:14.26,-0.00435918662697077,-0.00164040410891175,0.0056383409537375,0,
00:00:14.264,0.00303835491649807,-0.00106593267992139,-0.00652344385161996,0,
00:00:14.268,-0.0120422542095184,-0.000177552617969923,-0.000842583074700087,0,
00:00:14.272,0.00323137640953064,-0.00167434790637344,-0.00548303825780749,0,
00:00:14.276,0.00476459925994277,0.00250660930760205,0.00730734458193183,0,
00:00:14.28,0.00644052401185036,0.00199241447262466,0.0065846317447722,0,
00:00:14.284,0.00230411742813885,0.000253698381129652,0.00415328703820705,0,
00:00:14.288,0.00238752085715532,0.00525916460901499,0.00489544123411179,0,
00:00:14.292,-0.00739586679264903,-0.0092233382165432,0.0127955172210932,0,
00:00:14.296,8.98019643500447E-05,-0.00580957485362887,-0.0281663928180933,0,
00:00:14.3,-0.0261453650891781,0.000865563517436385,-0.00532671855762601,0,
00:00:14.304,0.0128296557813883,0.00871532782912254,-0.00156217336189002,0,
00:00:14.308,0.0277355834841728,0.00254824454896152,0.00572086963802576,0,
00:00:14.312,0.00233604712411761,-0.0031623556278646,0.00168224237859249,0,
00:00:14.316,-0.00790721736848354,-0.00239005032926798,-0.00138426036573946,0,
00:00:14.32,-0.0233211722224951,0.00385060277767479,0.011202784255147,0,
00:00:14.324,0.000256264000199735,0.00117648765444756,0.00737814418971539,0,
00:00:14.328,0.0120736360549927,-0.0019841636531055,-0.0089001739397645,0,
00:00:14.332,0.00497762206941843,-0.00705516012385488,-0.00419022561982274,0,
00:00:14.336,-0.00669367518275976,-0.00415652990341187,-0.00865105912089348,0,
00:00:14.34,0.00106460694223642,0.00899980869144201,-0.00133246136829257,0,
00:00:14.344,0.00020763736392837,0.00630117766559124,0.00694581214338541,0,
00:00:14.348,-0.00742831127718091,-0.00184006581548601,0.0229193922132254,0,
00:00:14.352,0.0234799198806286,-0.00778545532375574,-0.021794181317091,0,
00:00:14.356,0.00160216609947383,0.00156541157048196,-0.00859326403588057,0,
00:00:14.36,-0.0250448640435934,0.0048973374068737,0.0167226567864418,0,
00:00:14.364,-0.00376612856052816,0.00129917811136693,-0.00527738546952605,0,
00:00:14.368,-0.00701687717810273,-0.00618436140939593,-0.0039479611441493,0,
00:00:14.372,0.032953605055809,-0.00105618499219418,0.00754575245082378,0,
00:00:14.376,0.0102002248167992,0.00129530928097665,-0.0168157890439034,0,
00:00:14.38,-0.0302632935345173,0.00374016282148659,0.00323312915861607,0,
00:00:14.384,-0.0125540001317859,-0.000963731727097183,0.0170326363295317,0,
00:00:14.388,0.000452180596766993,0.00059301930014044,0.000253399106441066,0,
00:00:14.392,0.044692799448967,-0.00670906901359558,-0.00534956017509103,0,
00:00:14.396,-0.0168351922184229,0.00675197225064039,-0.00890234392136335,0,
00:00:14.4,-0.0151553228497505,-0.000206858705496415,-0.00212425366044044,0,
00:00:14.404,0.00373592274263501,-0.00573226856067777,0.0161289423704147,0,
00:00:14.408,0.00197733496315777,0.00518440781161189,-0.00667429063469172,0,
00:00:14.412,-1.6987773051369E-05,-0.000631433329544961,-0.0127307754009962,0,
00:00:14.416,-0.00913672614842653,0.00130632950458676,0.01364507060498,0,
00:00:14.42,0.00728022027760744,0.0024228214751929,0.0212181732058525,0,
00:00:14.424,0.00448185158893466,-0.0027713889721781,-0.0239627677947283,0,
00:00:14.428,0.00730731245130301,-0.00280660553835332,-0.0197656396776438,0,
00:00:14.432,-0.0133720217272639,0.00107896223198622,0.0101484823971987,0,
00:00:14.436,-0.0092406515032053,0.000740262272302061,0.00866358354687691,0,
00:00:14.44,-0.00162742508109659,-0.00852927006781101,0.0116544757038355,0,
00:00:14.444,0.0500035956501961,0.00521265994757414,-0.000222180766286328,0,
00:00:14.448,-0.0142128337174654,0.00606600800529122,-0.0102504463866353,0,
00:00:14.452,-0.038234755396843,0.000205416610697284,-0.014685433357954,0,
00:00:14.456,-0.00450065545737743,0.0027533418033272,0.0203015264123678,0,
00:00:14.46,-0.00839858874678612,-0.00313320080749691,0.000444243632955477,0,
00:00:14.464,0.0481477454304695,0.000327531161019579,0.00112118013203144,0,
00:00:14.468,0.00559095572680235,-0.00803736690431833,-0.0159913264214993,0,
00:00:14.472,-0.0188549123704433,-0.00327480887062848,-0.0101621141657233,0,
00:00:14.476,-0.0101409954950213,0.00668808165937662,0.0136068919673562,0,
00:00:14.48,0.00160950468853116,0.000944762141443789,0.0235499367117882,0,
00:00:14.484,-0.00804507918655872,0.00264371722005308,-0.00134892365895212,0,
00:00:14.488,1.36047983687604E-05,0.00311224022880197,-0.0154703138396144,0,
00:00:14.492,0.0174398943781853,-0.00486287521198392,-0.00841867923736572,0,
00:00:14.496,0.0105099845677614,0.00285721430554986,0.000864360481500626,0,
00:00:14.5,-0.0115977032110095,-0.00801326707005501,0.00327320815995336,0,
00:00:14.504,-0.00871213711798191,0.00316947558894753,0.00471444707363844,0,
00:00:14.508,-0.000937378907110542,0.003369206096977,-0.0070412908680737,0,
00:00:14.512,-0.00256004207767546,-0.00558217195793986,-0.00612861709669232,0,
00:00:14.516,-0.000503937713801861,0.00250150868669152,0.0202787145972252,0,
00:00:14.52,0.00824812334030867,0.00724518578499556,0.00102906918618828,0,
00:00:14.524,0.0117923561483622,-0.000804954499471933,0.000330638460582122,0,
00:00:14.528,-0.0139266457408667,-0.0081490408629179,-0.0177566278725863,0,
00:00:14.532,0.00609247526153922,-0.0057188174687326,-0.00355842453427613,0,
00:00:14.536,0.000603227759711444,0.0079378504306078,0.00685602147132158,0,
00:00:14.54,-0.00582873774692416,0.00599209079518914,0.00666066072881222,0,
00:00:14.544,-0.0147528266534209,-0.00367143121547997,0.00472185341641307,0,
00:00:14.548,-0.00943570304661989,-0.00121383857913315,-0.00506540760397911,0,
00:00:14.552,0.0426432490348816,0.00376719865016639,-0.00230915611609817,0,
00:00:14.556,0.0109218927100301,-0.00616405578330159,-0.0112652024254203,0,
00:00:14.56,-0.0242435466498137,-0.00342485401779413,0.00980471167713404,0,
00:00:14.564,-0.0102585023269057,0.00536908302456141,0.0210102330893278,0,
00:00:14.568,-0.0107956528663635,0.00368365878239274,-0.0146678946912289,0,
00:00:14.572,0.00128223607316613,-0.00421116827055812,-0.0076924841850996,0,
00:00:14.576,0.0114482110366225,-0.000379773380700499,-0.000579108775127679,0,
00:00:14.58,0.0160685312002897,-0.00122551887761801,-0.00748906750231981,0,
00:00:14.584,-0.00235184165649116,0.0027121810708195,0.000320616731187329,0,
00:00:14.588,-0.00279001821763814,0.00599436135962605,0.0129340616986156,0,
00:00:14.592,-0.00692455796524882,-0.00608000252395868,0.0097411721944809,0,
00:00:14.596,-0.00262280507013202,-0.0025290607009083,-0.00470675295218825,0,
00:00:14.6,-0.00902277883142233,-2.82664605038008E-05,-0.00297407270409167,0,
00:00:14.604,0.0082829101011157,0.00320506794378161,-0.0122623285278678,0,
00:00:14.608,0.00545920012518764,-0.00286403368227184,0.000303394655929878,0,
00:00:14.612,-0.000408257619710639,-0.00107990903779864,0.000741009600460529,0,
00:00:14.616,0.000929616508074105,0.00349857192486525,0.0104382038116455,0,
00:00:14.62,0.00376116251572967,0.00441665854305029,0.00318686384707689,0,
00:00:14.624,-0.00127345626242459,0.00213561509735882,-0.00177823402918875,0,
00:00:14.628,-0.0149820083752275,-0.00710766902193427,-0.00766969472169876,0,
00:00:14.632,-0.00476536760106683,-0.00927024427801371,-0.000937518663704395,0,
00:00:14.636,0.0225679595023394,0.00349420355632901,0.00831873621791601,0,
00:00:14.64,-0.00636867014691234,0.00800986960530281,-0.00568217085674405,0,
00:00:14.644,-0.0003206136461813,-0.000497225613798946,-0.00177490210626274,0,
00:00:14.648,0.00444920640438795,0.00271419971249998,0.00931044667959213,0,
00:00:14.652,-0.0107053145766258,-0.00432358030229807,-0.014337613247335,0,
00:00:14.656,0.00575283262878656,0.00130707048811018,0.0151159334927797,0,
00:00:14.66,-0.000263834866927937,-0.00377656100317836,-0.00776349706575274,0,
00:00:14.664,-0.00141604477539659,0.00479843700304627,0.00608605006709695,0,
00:00:14.668,0.00764779886230826,-0.00238105235621333,-0.00726230768486857,0,
00:00:14.672,-0.028357369825244,-0.00646317796781659,-0.00716508366167545,0,
00:00:14.676,-0.000593629665672779,-0.00045040380791761,-0.001744375214912,0,
00:00:14.68,0.0530310645699501,0.0126378526911139,0.0114427646622062,0,
00:00:14.684,0.00141991605050862,0.00329133099876344,0.0116232251748443,0,
00:00:14.688,-0.0271444898098707,-0.00565670896321535,-0.0122179901227355,0,
00:00:14.692,-0.0207975823432207,-0.00977720972150564,-0.00611508311703801,0,
00:00:14.696,-0.00263105938211083,0.00375664560124278,0.0154887204989791,0,
00:00:14.7,0.00318621075712144,0.00631272001191974,-0.0116920890286565,0,
00:00:14.704,0.00282556982710958,-0.00712053338065743,-0.00375823397189379,0,
00:00:14.708,0.0213573612272739,0.000848056341055781,0.00600240891799331,0,
00:00:14.712,0.00401965668424964,0.00269005936570466,-0.00442543812096119,0,
00:00:14.716,-0.00232542189769447,0.00169727182947099,0.0158428736031055,0,
00:00:14.72,-0.00828262697905302,0.00219914061017334,-0.0081756953150034,0,
00:00:14.724,0.000104303871921729,0.00129605527035892,-0.00658789509907365,0,
00:00:14.728,-0.00141079386230558,-0.00872484873980284,-0.00413990812376142,0,
00:00:14.732,-0.0113321952521801,-0.0063071153126657,0.00347325135953724,0,
00:00:14.736,-0.00283591914921999,0.00595011981204152,0.000282463181065395,0,
00:00:14.74,0.0118690170347691,0.00850409455597401,0.00841611996293068,0,
00:00:14.744,0.00839992240071297,0.000599074002820998,0.0054515996016562,0,
00:00:14.748,-0.00122897198889405,-0.00272210268303752,-0.00872157048434019,0,
00:00:14.752,-0.00417648814618587,-0.0028846594505012,-0.00890330597758293,0,
00:00:14.756,-0.00958519894629717,-0.00154647778254002,-0.0010926949325949,0,
00:00:14.76,-0.0015551031101495,0.00201213848777115,0.0128450756892562,0,
00:00:14.764,0.00721083860844374,0.000919750658795238,-0.00447868136689067,0,
00:00:14.768,0.0231396127492189,-0.00887942779809237,0.00277369865216315,0,
00:00:14.772,-0.00320038106292486,0.00265325931832194,-0.00286034890450537,0,
00:00:14.776,-0.0246450081467628,0.00978893786668777,0.0232763886451721,0,
00:00:14.78,-0.00252310605719686,0.00602036248892546,-0.0210964605212212,0,
00:00:14.784,-0.00892001856118441,-0.00867911893874407,-0.0222623441368341,0,
00:00:14.788,0.0111048640683293,-0.00702614989131689,-0.000612562231253833,0,
00:00:14.792,0.0134618673473597,0.000862746790517122,0.0118728121742606,0,
00:00:14.796,-0.00367625546641648,0.00504847289994359,0.0211863666772842,0,
00:00:14.8,-0.00585457356646657,0.0002460433752276,0.00322529883123934,0,
00:00:14.804,0.0163038838654757,-0.00304239545948803,-0.0105889551341534,0,
00:00:14.808,-0.0123639525845647,0.00337867368943989,0.00398920895531774,0,
00:00:14.812,-0.00548100238665938,-0.00247843354009092,-0.00995621085166931,0,
00:00:14.816,0.00639022095128894,0.000817964784801006,-0.00946631282567978,0,
00:00:14.82,-0.00109111017081887,0.00513293314725161,0.00138635549228638,0,
00:00:14.824,-0.00213444442488253,-0.00167949264869094,0.00365616497583687,0,
00:00:14.828,-0.00286822719499469,-0.00985187757760286,0.011294798925519,0,
00:00:14.832,-0.00363927031867206,-0.000724090088624507,-0.00409997161477804,0,
00:00:14.836,0.0149836204946041,0.00636869575828314,-0.00161342765204608,0,
00:00:14.84,0.00429528020322323,0.0068918764591217,0.00222348887473345,0,
00:00:14.844,-0.00881332997232676,-0.0051848622970283,0.000755102606490254,0,
00:00:14.848,-0.0137611608952284,0.00252226530574262,-0.00534674525260925,0,
00:00:14.852,0.00396217778325081,0.000587827002163976,0.00413968041539192,0,
00:00:14.856,-0.0466525964438915,-0.00632996158674359,-5.67276219953783E-05,0,
00:00:14.86,0.124171756207943,0.00313781434670091,0.000431134540122002,0,
00:00:14.864,-0.0139207905158401,-0.00254407781176269,-0.00544817093759775,0,
00:00:14.868,-0.0721292048692703,-0.00356599944643676,-0.0166951268911362,0,
00:00:14.872,-0.0188097823411226,0.00274553638882935,0.0363785773515701,0,
00:00:14.876,-0.0118061760440469,0.0014848520513624,-0.00491787539795041,0,
00:00:14.88,0.0119022578001022,0.00590859912335873,-0.00846539437770844,0,
00:00:14.884,0.0595874935388565,-0.0025443029589951,-0.0129085769876838,0,
00:00:14.888,0.0290273986756802,0.00131240184418857,0.00334485759958625,0,
00:00:14.892,-0.0290414690971375,-0.00272848294116557,-0.00233479076996446,0,
00:00:14.896,-0.0409091673791409,-0.00247186748310924,0.0091323759406805,0,
00:00:14.9,-0.00091383745893836,-0.00282772863283753,0.00656606024131179,0,
00:00:14.904,0.00541286682710052,0.00475577265024185,0.00474161794409156,0,
00:00:14.908,0.0115711512044072,0.00299607217311859,-0.00945804547518492,0,
00:00:14.912,-0.0044287065975368,-0.00450900616124272,-0.00548984855413437,0,
00:00:14.916,0.00510895624756813,-0.000281984510365874,-0.00758651550859213,0,
00:00:14.92,0.0124323917552829,-0.000933889066800475,0.0239102505147457,0,
00:00:14.924,-0.00968984700739384,0.0050627295859158,-0.00860039982944727,0,
00:00:14.928,-0.00495333131402731,0.00208470714278519,-0.0149731626734138,0,
00:00:14.932,-0.0123058259487152,-0.00367196020670235,-0.00965398363769054,0,
00:00:14.936,0.00583365093916655,-0.00312539120204747,0.0145306102931499,0,
00:00:14.94,0.0237114783376455,-0.000750357517972589,0.0328103452920914,0,
00:00:14.944,-0.0147415520623326,0.00314744818024337,-0.0149544291198254,0,
00:00:14.948,-0.00748544605448842,-0.00866315048187971,-0.0140724517405033,0,
00:00:14.952,0.017147583886981,0.00741866463795304,-0.0107368379831314,0,
00:00:14.956,-0.00726071279495955,0.017107279971242,0.00658574141561985,0,
00:00:14.96,-0.0109308985993266,-0.0107233356684446,0.0138446157798171,0,
00:00:14.964,-0.00291859591379762,-0.0112398853525519,-0.00900016445666552,0,
00:00:14.968,0.00829063728451729,-0.00331979035399854,-0.00623122649267316,0,
00:00:14.972,-0.00599654810503125,0.00325815146788955,-0.00282851164229214,0,
00:00:14.976,0.0214216057211161,0.00748162437230349,0.0134237566962838,0,
00:00:14.98,-0.00878100283443928,0.00613126484677196,0.0165615770965815,0,
00:00:14.984,0.00112455210182816,-0.000309616385493428,-0.00879787933081388,0,
00:00:14.988,-0.00548859452828765,-0.00857758615165949,-0.0168908666819334,0,
00:00:14.992,-0.00224761478602886,-0.00488475663587451,0.0010985549306497,0,
00:00:14.996,-0.0132168047130108,0.00474253948777914,0.00353717780672014,0,
00:00:15,0.0120636289939284,0.00166169309522957,-0.00268378504551947,0,
00:00:15.004,0.0044263401068747,-0.00387190468609333,-0.000625301036052406,0,
00:00:15.008,0.00586380250751972,0.00581698818132281,-0.00201805541291833,0,
00:00:15.012,-0.00779510103166103,0.00519192358478904,0.0069068968296051,0,
00:00:15.016,0.0103957438841462,-0.00540266232565045,0.00527434190735221,0,
00:00:15.02,0.0064442278817296,-0.00726477801799774,-0.0117168771103024,0,
00:00:15.024,-0.0107419779524207,0.000441575073637068,0.0134705724194646,0,
00:00:15.028,-0.0205606315284967,0.00522218970581889,0.0212536826729774,0,
00:00:15.032,-0.0124312322586775,-0.00339212664403021,-0.024348733946681,0,
00:00:15.036,0.0156053518876433,0.00549336755648255,-0.0208916943520308,0,
00:00:15.04,-0.00547852041199803,-0.00130551913753152,-0.00592695455998182,0,
00:00:15.044,0.0547300800681114,0.00254839775152504,0.010714496485889,0,
00:00:15.048,0.00319636892527342,-8.51598524604924E-05,0.0134961232542992,0,
00:00:15.052,-0.0445491336286068,-0.0107644647359848,0.00394935021176934,0,
00:00:15.056,-0.0183085687458515,0.0051822098903358,0.0173061396926641,0,
00:00:15.06,0.00455258879810572,0.00720526417717338,-0.0124937500804663,0,
00:00:15.064,0.0119195953011513,-0.00527240755036473,-0.0229409094899893,0,
00:00:15.068,0.00549627048894763,-0.00614360626786947,0.011873310431838,0,
00:00:15.072,0.00980866607278585,0.00623296340927482,0.00885181687772274,0,
00:00:15.076,1.39314461193862E-05,0.00655396096408367,-0.00966187939047813,0,
00:00:15.08,-0.00700288359075785,-0.00631897151470184,-0.0113287856802344,0,
00:00:15.084,-0.00949517078697681,-0.00272258766926825,-0.00212396821007133,0,
00:00:15.088,0.0129250399768353,0.00206545763649046,0.0181679166853428,0,
00:00:15.092,0.00734578678384423,-0.00278929062187672,0.00655001308768988,0,
00:00:15.096,-0.0297957994043827,0.00163880561012775,-0.00568403257057071,0,
00:00:15.1,-0.0175323747098446,-0.00198587402701378,0.00947014801204205,0,
00:00:15.104,0.0728286355733871,0.00914140325039625,-0.0109913777559996,0,
00:00:15.108,-0.0213251188397408,-0.000877037178725004,-0.020357234403491,0,
00:00:15.112,-0.0215491075068712,-0.00379641191102564,-0.00499447295442224,0,
00:00:15.116,-0.0389821715652943,-0.00705025531351566,0.0464767999947071,0,
00:00:15.12,0.0331996418535709,0.00934251397848129,-0.00348946428857744,0,
00:00:15.124,0.0468703731894493,-0.00186945660971105,-0.0317019335925579,0,
00:00:15.128,-0.0446957014501095,-0.00737076345831156,-0.00280623254366219,0,
00:00:15.132,0.01098957285285,0.00281058344990015,0.0188801437616348,0,
00:00:15.136,0.0167371574789286,0.0062606860883534,-0.0116395950317383,0,
00:00:15.14,-0.0250239782035351,-0.00202470389194787,0.0160154532641172,0,
00:00:15.144,-0.0115549508482218,-5.38551648787688E-05,0.00296076643280685,0,
00:00:15.148,0.0174621716141701,0.00399570632725954,-0.0101162930950522,0,
00:00:15.152,-0.00624815234914422,-0.00450354674831033,-0.0141871999949217,0,
00:00:15.156,0.00118835305329412,-0.00805668160319328,0.00430921139195561,0,
00:00:15.16,0.0125204026699066,0.00322791328653693,0.0141968009993434,0,
00:00:15.164,-0.0086395563557744,0.00702191097661853,0.000996600138023496,0,
00:00:15.168,0.000435271125752479,-0.00349965738132596,-0.0167903751134872,0,
00:00:15.172,-0.0192233584821224,0.002167041413486,0.00544855976477265,0,
00:00:15.176,0.046898540109396,0.0034990671556443,0.0160860531032085,0,
00:00:15.18,-0.00405119499191642,-0.000486676784930751,-0.00280786352232099,0,
00:00:15.184,-0.0350458770990372,-0.0073608011007309,-0.00814673770219088,0,
00:00:15.188,-0.0334028489887714,-0.00135012168902904,-0.0162535924464464,0,
00:00:15.192,0.03867382183671,-0.002504798816517,0.00438069878146052,0,
00:00:15.196,0.0598820447921753,0.00826675817370415,0.0100708659738302,0,
00:00:15.2,-0.0531188771128654,0.00277775502763689,0.015446568839252,0,
00:00:15.204,-0.0163017008453608,0.00113695277832448,-0.00624914234504104,0,
00:00:15.208,-0.00381355942226946,-0.00429214490577579,-0.0111134089529514,0,
00:00:15.212,0.0101289581507444,-0.00357383815571666,0.00158058572560549,0,
00:00:15.216,0.00332947401329875,-0.00304316007532179,0.00432790815830231,0,
00:00:15.22,0.0267672669142485,0.00306792929768562,0.00638460041955113,0,
00:00:15.224,-0.00722394697368145,0.00550649873912334,-0.0191779006272554,0,
00:00:15.228,-0.0150828026235104,-0.000433028442785144,-0.0084249684587121,0,
00:00:15.232,0.00914211850613356,-0.00200026831589639,-0.00241977302357554,0,
00:00:15.236,-0.0457022786140442,-0.00354683585464954,0.0424569919705391,0,
00:00:15.24,0.0489096827805042,-0.000493613944854587,0.00432751979678869,0,
00:00:15.244,0.0232854727655649,0.00816488731652498,-0.0223731938749552,0,
00:00:15.248,0.00576053559780121,0.00474335625767708,-0.00573035469278693,0,
00:00:15.252,-0.073982760310173,-0.0114682195708156,-0.0142517434433103,0,
00:00:15.256,-0.0216782055795193,-0.0112436963245273,-0.00557794980704784,0,
00:00:15.26,0.0538560710847378,0.00902982614934444,0.0361188538372517,0,
00:00:15.264,0.0147956358268857,0.00469796778634191,-0.00709290709346533,0,
00:00:15.268,-0.0179819948971272,0.00438693398609757,-0.0025845798663795,0,
00:00:15.272,0.0224247314035892,0.00472783949226141,-0.00682665780186653,0,
00:00:15.276,-0.0057199583388865,-0.00628738570958376,0.00122841889970005,0,
00:00:15.28,-0.010914578102529,-0.00839393585920334,0.00154656893573701,0,
00:00:15.284,-0.00643899943679571,-0.000416723254602402,-0.014474512077868,0,
00:00:15.288,0.00156004983000457,0.0028368104249239,0.0274839755147696,0,
00:00:15.292,-0.0134897390380502,0.00499015906825662,-0.0135563304647803,0,
00:00:15.296,0.0385458171367645,-0.00252684159204364,-0.00896198768168688,0,
00:00:15.3,-0.0124486526474357,0.00243819504976273,0.0154902823269367,0,
00:00:15.304,-0.0159189160913229,-0.00135122542269528,0.00287345563992858,0,
00:00:15.308,-0.0109568294137716,-0.00158956623636186,-0.0174920223653317,0,
00:00:15.312,0.0418779738247395,0.00147308607120067,-0.00291316281072795,0,
00:00:15.316,-0.00241524097509682,-0.00788789428770542,0.020230446010828,0,
00:00:15.32,-0.0345841944217682,0.00912447832524776,-0.00047195132356137,0,
00:00:15.324,0.00102854962460697,0.00551934447139502,-0.0174451041966677,0,
00:00:15.328,-0.0121772680431604,-0.0118653187528253,-0.00204627215862274,0,
00:00:15.332,0.0128447180613875,0.00276865134947002,0.0207537766546011,0,
00:00:15.336,0.0229611247777939,-0.000494995096232742,-0.00467091146856546,0,
00:00:15.34,0.00125813472550362,0.0025581200607121,-0.0118075255304575,0,
00:00:15.344,0.00722967693582177,0.00365311303175986,0.00922750309109688,0,
00:00:15.348,-0.00444615771993995,-5.61526248930022E-05,-0.0051788967102766,0,
00:00:15.352,-0.0120074460282922,-0.00892807729542255,-0.000938862154725939,0,
00:00:15.356,-0.0337495878338814,0.00509447837248445,0.00808692909777164,0,
00:00:15.36,0.0170525349676609,0.00144476967398077,-0.00565487146377563,0,
00:00:15.364,0.0197794642299414,-0.00717442994937301,0.00875781569629908,0,
00:00:15.368,-0.0115652792155743,-0.00181634398177266,-0.0170888062566519,0,
00:00:15.372,0.0137130199000239,0.00995277520269156,0.00564926536753774,0,
00:00:15.376,0.00449936417862773,0.00754982139915228,0.00705156940966845,0,
00:00:15.38,-0.0463757030665874,-0.00334230810403824,0.00819748174399138,0,
00:00:15.384,0.0584260784089565,-0.0106491148471832,-0.0144346812739968,0,
00:00:15.388,0.0179125610738993,-0.00483374390751123,-0.0108314845710993,0,
00:00:15.392,-0.062127847224474,0.00195108924526721,0.00780813349410892,0,
00:00:15.396,-0.00879434496164322,0.00915870629251003,0.00903923436999321,0,
00:00:15.4,0.0197026114910841,0.0065599880181253,0.00793969444930553,0,
00:00:15.404,0.0201164353638887,-0.00749514624476433,-0.0177583675831556,0,
00:00:15.408,-0.008312052115798,-0.0039196559228003,0.00486382888630033,0,
00:00:15.412,-0.04165393486619,-0.000676676980219781,0.0165554955601692,0,
00:00:15.416,0.0572986602783203,-0.000895262346602976,-0.00866831932216883,0,
00:00:15.42,0.0126455472782254,0.00771141378208995,-0.0130428094416857,0,
00:00:15.424,-0.0218674130737782,-0.00332621298730373,0.00156157067976892,0,
00:00:15.428,-0.0177657008171082,0.00120602594688535,-0.00665106484666467,0,
00:00:15.432,-0.0166004113852978,-0.00393382320180535,0.0076486268080771,0,
00:00:15.436,0.00900221988558769,0.00270896847359836,0.00179564754944295,0,
00:00:15.44,0.0296903066337109,-0.0024303023237735,0.0111665157601237,0,
00:00:15.444,0.00867852941155434,0.00340189039707184,0.0056688473559916,0,
00:00:15.448,-0.0318280383944511,-0.00459989439696074,-0.0085564823821187,0,
00:00:15.452,-0.0196950994431973,0.000735780689865351,-0.0132398409768939,0,
00:00:15.456,0.0336125493049622,0.00465786922723055,0.00198280112817883,0,
00:00:15.46,0.0396397933363914,0.00621468108147383,-0.00598004227504134,0,
00:00:15.464,-0.0438227616250515,-0.0050461539067328,0.0122299985960126,0,
00:00:15.468,-0.0363194048404694,-0.00785611290484667,0.0102997599169612,0,
00:00:15.472,0.0536630898714066,0.0016023360658437,-0.0146703012287617,0,
00:00:15.476,-0.028755109757185,0.00260592717677355,0.0132306730374694,0,
00:00:15.48,-0.0143224885687232,-0.0093229878693819,0.00659940810874105,0,
00:00:15.484,0.0434082187712193,0.00745242880657315,-0.0278363432735205,0,
00:00:15.488,-0.0139068504795432,0.01350664999336,-0.00707179866731167,0,
00:00:15.492,0.000388322136132047,-0.00615133158862591,0.0132190193980932,0,
00:00:15.496,0.00413736188784242,-0.00550861703231931,0.000846988288685679,0,
00:00:15.5,0.00361712300218642,0.00132929452229291,0.0128846550360322,0,
00:00:15.504,-0.0271366555243731,-0.0061776814982295,-0.00125683646183461,0,
00:00:15.508,0.00528672710061073,0.00215504155494273,-0.000398104777559638,0,
00:00:15.512,-0.0178608391433954,-0.00319998618215322,-0.00513695413246751,0,
00:00:15.516,0.0191505774855614,0.00730091193690896,-0.00416622729972005,0,
00:00:15.52,0.0279392078518867,0.000514932733494788,-0.0054462430998683,0,
00:00:15.524,0.00106073915958405,0.00142673566006124,0.00292920530773699,0,
00:00:15.528,-0.0194944366812706,0.00188068486750126,0.0155233778059483,0,
00:00:15.532,-0.0121680675074458,-0.00556118134409189,-0.0146737461909652,0,
00:00:15.536,0.0351156182587147,0.000723673612810671,0.000406787381507456,0,
00:00:15.54,-0.0186129380017519,0.000553843623492867,0.0084828520193696,0,
00:00:15.544,-0.0288004167377949,-0.00479730218648911,0.00310155982151628,0,
00:00:15.548,0.0043645785190165,0.00083059974713251,0.00751062063500285,0,
00:00:15.552,0.00958454143255949,-0.00157962483353913,-0.0231837537139654,0,
00:00:15.556,0.00604113284498453,0.00801422540098429,-0.00604240549728274,0,
00:00:15.56,0.00815677642822266,0.00400099763646722,0.000502210110425949,0,
00:00:15.564,0.0187337659299374,-0.00168285868130624,0.00133175915107131,0,
00:00:15.568,-0.0126239750534296,-0.0064132628031075,0.0271131787449121,0,
00:00:15.572,-0.0174117442220449,-0.00588642898947001,-0.00177175493445247,0,
00:00:15.576,0.0177747253328562,0.0020620939321816,0.00345602864399552,0,
00:00:15.58,-0.0268972180783749,0.00196601054631174,-0.0101340245455503,0,
00:00:15.584,-0.00430879602208734,0.00477107614278793,-0.0175498649477959,0,
00:00:15.588,0.00709452386945486,0.00438911281526089,-0.00396801438182592,0,
00:00:15.592,0.00115799822378904,-0.00475725578144193,0.00128021207638085,0,
00:00:15.596,0.0475977547466755,-0.00189966941252351,0.00998803041875362,0,
00:00:15.6,-0.014759031124413,-0.00062658847309649,0.0173078030347824,0,
00:00:15.604,-0.0307425856590271,0.00206661457195878,-0.00840353686362505,0,
00:00:15.608,-0.0256852228194475,-0.00377577426843345,-0.0144594311714172,0,
00:00:15.612,0.0443138517439365,-0.00140175654087216,0.00638909498229623,0,
00:00:15.616,0.00595186231657863,0.00785810779780149,0.0329399779438972,0,
00:00:15.62,-0.000366819149348885,-0.00115444557741284,-0.00639481050893664,0,
00:00:15.624,-0.00894652400165796,-0.00290684611536562,-0.0357276722788811,0,
00:00:15.628,-0.0271318387240171,-0.00164660485461354,-0.0177922546863556,0,
00:00:15.632,-0.000730082509107888,-0.0020329353865236,0.00340979220345616,0,
00:00:15.636,8.12066173239145E-06,0.00504914438351989,0.0271718967705965,0,
00:00:15.64,0.0352806188166142,0.000726599537301809,0.0152525845915079,0,
00:00:15.644,0.0275122430175543,0.00119399686809629,-0.00756329949945211,0,
00:00:15.648,-0.0479607284069061,-0.00505301263183355,-0.0206974614411592,0,
00:00:15.652,-0.0216728374361992,-0.000191326427739114,0.0255567785352468,0,
00:00:15.656,0.0483650788664818,0.00145008624531329,0.0202709697186947,0,
00:00:15.66,-0.0142538323998451,0.00336338602937758,-0.0332004204392433,0,
00:00:15.664,0.0246899295598269,-0.00356864207424223,-0.0182710774242878,0,
00:00:15.668,-0.0506142750382423,0.000109854139736854,-0.00944999884814024,0,
00:00:15.672,-0.0109896082431078,0.000935278600081801,0.0271630454808474,0,
00:00:15.676,0.0234041959047318,0.00262991082854569,0.0112268533557653,0,
00:00:15.68,0.0107972612604499,-0.00408273143693805,-0.00918600894510746,0,
00:00:15.684,0.00406289380043745,-3.47648492606822E-05,-0.0045415167696774,0,
00:00:15.688,-0.0167136900126934,-0.0009960065362975,0.00244443118572235,0,
00:00:15.692,0.0404509715735912,0.00278613367117941,-0.00152153987437487,0,
00:00:15.696,0.00330766360275447,0.00390038872137666,-0.0037353381048888,0,
00:00:15.7,-0.0751117467880249,-0.00206822203472257,0.00804045423865318,0,
00:00:15.704,-0.00570397032424808,0.00334560149349272,0.0280646607279778,0,
00:00:15.708,0.0720226988196373,-0.0115620847791433,-0.0306201223284006,0,
00:00:15.712,0.01579924300313,-0.0049923243932426,-0.0121422754600644,0,
00:00:15.716,-0.0346619263291359,0.00565558858215809,0.00260495091788471,0,
00:00:15.72,-0.018086226657033,0.0112924817949533,0.0104243541136384,0,
00:00:15.724,-0.00769397662952542,-4.75086708320305E-05,-0.00344354961998761,0,
00:00:15.728,-0.00334756379015744,-0.00128263782244176,-0.00393403600901365,0,
00:00:15.732,0.0184842422604561,0.00139955070335418,0.00817301217466593,0,
00:00:15.736,0.0175564792007208,-0.00874967873096466,0.0012381310807541,0,
00:00:15.74,0.0169187113642693,0.00341155845671892,-0.00683833379298449,0,
00:00:15.744,-0.0263668298721313,-0.0109210442751646,0.0010038468753919,0,
00:00:15.748,-0.00329092890024185,0.0079070134088397,0.0290740169584751,0,
00:00:15.752,-0.015753785148263,0.000692596542648971,-0.0204597227275372,0,
00:00:15.756,0.00905472040176392,0.00484652677550912,-0.0169679187238216,0,
00:00:15.76,-0.0138136120513082,-0.0024051780346781,-0.00351900840178132,0,
00:00:15.764,0.0220140106976032,-0.0018976244609803,0.0208122003823519,0,
00:00:15.768,0.0215725116431713,0.00216787308454514,-0.00298496172763407,0,
00:00:15.772,-0.0145840616896749,0.00126401672605425,0.00277787959203124,0,
00:00:15.776,-0.0131981959566474,-0.000495834217872471,-0.00942850112915039,0,
00:00:15.78,-0.00280026369728148,0.000678179028909653,-0.000444752222392708,0,
00:00:15.784,0.000168804195709527,-0.00529717095196247,-0.0058885239996016,0,
00:00:15.788,0.00747580640017986,0.00187629356514663,-0.00237967493012547,0,
00:00:15.792,-0.00828416738659143,-0.00033488919143565,0.0151675650849938,0,
00:00:15.796,0.0258088000118732,0.00200316193513572,0.0205242671072483,0,
00:00:15.8,-0.0153071191161871,-0.00141743628773838,-0.00566216837614775,0,
00:00:15.804,-0.0178548526018858,-0.00502618728205562,-0.0185365714132786,0,
00:00:15.808,0.017054907977581,0.00430534966289997,-0.00932842865586281,0,
00:00:15.812,0.00262585841119289,0.00840026047080755,-0.00455555086955428,0,
00:00:15.816,0.00145242805592716,-0.00277164066210389,0.0190006028860807,0,
00:00:15.82,-0.00692333886399865,-0.00466368580237031,-0.00113831937778741,0,
00:00:15.824,-0.0232753604650497,-0.00674565369263291,-0.0106019182130694,0,
00:00:15.828,0.00322887557558715,-0.00435148878023028,0.00414945418015122,0,
00:00:15.832,0.0542527884244919,0.0189084187150002,0.00387570448219776,0,
00:00:15.836,0.00485314335674047,0.0130215492099524,0.00460577756166458,0,
00:00:15.84,-0.0553286261856556,-0.0127442656084895,-0.00136411853600293,0,
00:00:15.844,0.00693380413576961,-0.0243415851145983,0.00366367469541729,0,
00:00:15.848,0.0214255731552839,0.00414331303909421,-0.00764734391123056,0,
00:00:15.852,-0.0273434035480022,0.00426877615973353,-0.00332851824350655,0,
00:00:15.856,-0.0121838906779885,0.0107305273413658,-0.00629335781559348,0,
00:00:15.86,0.0225724317133427,0.0122622800990939,0.0116824712604284,0,
00:00:15.864,0.0174763221293688,-0.0126086715608835,0.00486305588856339,0,
00:00:15.868,0.0194289665669203,-0.00113833521027118,0.000565215654205531,0,
00:00:15.872,-0.0291695464402437,-0.00206449208781123,-0.00820827484130859,0,
00:00:15.876,-0.00595328770577908,-0.0032336616422981,-0.0052092014811933,0,
00:00:15.88,0.0149902580305934,0.00209973542951047,-0.0123569834977388,0,
00:00:15.884,-0.0106963310390711,0.00463979505002499,0.0213767196983099,0,
00:00:15.888,-0.0233510416001081,-0.00284876185469329,0.0116573665291071,0,
00:00:15.892,-0.00316421501338482,0.00429406948387623,-0.00579307368025184,0,
00:00:15.896,0.0261828880757093,-0.00336117320694029,-0.00875635724514723,0,
00:00:15.9,0.00938593503087759,-0.00517904385924339,-0.0113394893705845,0,
00:00:15.904,0.000662825244944543,0.00139259221032262,0.00551381660625339,0,
00:00:15.908,0.0112013937905431,0.000892785610631108,0.00118153658695519,0,
00:00:15.912,-0.0241984724998474,0.00188157137017697,0.0219095982611179,0,
00:00:15.916,-0.0148698659613729,0.00605726195499301,-0.00961104221642017,0,
00:00:15.92,0.020710401237011,0.00115426804404706,-0.00794707983732224,0,
00:00:15.924,0.00996151007711887,-0.00536134792491794,-0.0148023962974548,0,
00:00:15.928,-0.0137326428666711,-0.00446483585983515,0.00504722725600004,0,
00:00:15.932,0.00282257818616927,0.000834228296298534,0.00981545355170965,0,
00:00:15.936,-0.00537413498386741,0.00143361161462963,0.0189565252512693,0,
00:00:15.94,-0.0158089660108089,-0.00138734711799771,-0.000334307464072481,0,
00:00:15.944,0.0188958626240492,-9.00141603779048E-05,-0.0265074912458658,0,
00:00:15.948,-0.00525443954393268,-0.00284466496668756,-0.0131571125239134,0,
00:00:15.952,0.0112735442817211,0.00551917403936386,0.00665769120678306,0,
00:00:15.956,0.0122727993875742,0.00627806922420859,0.0213252250105143,0,
00:00:15.96,-0.00845075491815805,0.000480902614071965,0.00178273615892977,0,
00:00:15.964,-0.0220984537154436,-0.00588476983830333,0.0107568558305502,0,
00:00:15.968,-0.0132805397734046,-0.0108303893357515,-0.017334608361125,0,
00:00:15.972,0.0405567847192287,0.0110367275774479,-0.0172933656722307,0,
00:00:15.976,0.00209977384656668,-0.00155279168393463,0.00676061166450381,0,
00:00:15.98,-0.0156036298722029,-7.05375059624203E-05,0.0203404184430838,0,
00:00:15.984,-0.0148023683577776,0.00239825202152133,-0.00486835651099682,0,
00:00:15.988,0.00509874662384391,-0.001777368132025,-0.0149586740881205,0,
00:00:15.992,0.0148427346721292,-0.0058327573351562,-0.000422548007918522,0,
00:00:15.996,-0.000968964246567339,0.0118935378268361,0.0181217100471258,0,
00:00:16,-0.0130044091492891,-0.00396517524495721,-0.012604353018105,0,
00:00:16.004,0.00269484077580273,-0.0094479713588953,0.00264176772907376,0,
00:00:16.008,0.0205314364284277,0.00217542727477849,-0.00073068420169875,0,
00:00:16.012,-0.0227731224149466,0.0068097123876214,0.00629862956702709,0,
00:00:16.016,0.00654087960720062,0.00307197635993361,0.00344416056759655,0,
00:00:16.02,0.0212325621396303,-0.00122737349011004,-0.0199957713484764,0,
00:00:16.024,-0.0305920243263245,-0.00728189805522561,0.00131325086113065,0,
00:00:16.028,-0.00439521484076977,-0.0049213757738471,0.0143982861191034,0,
00:00:16.032,-0.00540802115574479,0.0102690290659666,0.0047482899390161,0,
00:00:16.036,0.032558336853981,0.00172954017762095,-0.0131315886974335,0,
00:00:16.04,0.0149687398225069,-0.00580768566578627,0.0107371127232909,0,
00:00:16.044,-0.0433351770043373,-0.000171587496879511,-0.00182002258952707,0,
00:00:16.048,0.00948774535208941,0.00619450304657221,-0.0177972856909037,0,
00:00:16.052,0.00911193992942572,0.00200556335039437,0.0123148020356894,0,
00:00:16.056,0.00267622526735067,-0.00667025800794363,-0.000879619736224413,0,
00:00:16.06,-0.00854917615652084,-0.00210882001556456,0.0158015955239534,0,
00:00:16.064,0.00419687107205391,0.00249168695881963,-0.0100789247080684,0,
00:00:16.068,-0.010051541030407,-0.000646777625661343,-0.0209219455718994,0,
00:00:16.072,0.00823049061000347,-0.00253413058817387,0.00271690031513572,0,
00:00:16.076,0.0127965044230223,0.00237917201593518,0.0196016486734152,0,
00:00:16.08,-0.00981856044381857,0.00455507822334766,0.00142298184800893,0,
00:00:16.084,-0.00270477076992393,-0.00110052281524986,0.0111334417015314,0,
00:00:16.088,-0.0179678741842508,-0.00429696822538972,-0.00635138992220163,0,
00:00:16.092,0.000324416643707082,-0.00144839647691697,-0.0287559926509857,0,
00:00:16.096,0.0433130040764809,0.00556207774206996,0.00490951957181096,0,
00:00:16.1,-0.00238184258341789,0.00254064612090588,0.00884043145924807,0,
00:00:16.104,-0.0280620902776718,-0.00560736423358321,-0.00429395260289311,0,
00:00:16.108,-0.0192482937127352,0.000831975019536912,0.0116110425442457,0,
00:00:16.112,0.00468911370262504,-0.00331897777505219,0.00475068250671029,0,
00:00:16.116,0.0483224913477898,0.00147758203092963,0.00458014663308859,0,
00:00:16.12,-0.0165040735155344,0.00222575012594461,-0.0187783353030682,0,
00:00:16.124,-0.0314959771931171,0.00328293000347912,0.00095423695165664,0,
00:00:16.128,0.025906328111887,6.69871660647914E-05,0.00628596171736717,0,
00:00:16.132,0.000464331707917154,-0.00643807044252753,-0.00417740643024445,0,
00:00:16.136,-0.0111113796010613,-0.000656580436043441,0.00176702463068068,0,
00:00:16.14,-0.00750125339254737,0.00182960566598922,-0.00257583428174257,0,
00:00:16.144,-2.45809478656156E-05,-0.00424074986949563,0.00190334301441908,0,
00:00:16.148,0.0216164588928223,0.0111111430451274,-0.00395485199987888,0,
00:00:16.152,0.00255415332503617,0.000951878144405782,0.00482725165784359,0,
00:00:16.156,-0.0170061942189932,-0.00131577835418284,0.0169247686862946,0,
00:00:16.16,0.00643813284114003,-0.00557506131008267,-0.0190828200429678,0,
00:00:16.164,-0.00408133259043098,-0.00348754227161407,0.00668916152790189,0,
00:00:16.168,-0.000648023735266179,-0.00218221708200872,-0.00912104826420546,0,
00:00:16.172,-0.0114429881796241,0.00191593402996659,0.00373115949332714,0,
00:00:16.176,0.0152281858026981,0.00594910187646747,0.00312769273295999,0,
00:00:16.18,0.0294656865298748,0.00533337891101837,-0.0126343136653304,0,
00:00:16.184,-0.0305280908942223,-0.000321424886351451,0.00361656909808517,0,
00:00:16.188,-0.00581944780424237,-0.00400304235517979,0.0118759721517563,0,
00:00:16.192,-0.00937253143638372,-0.00629392918199301,0.00529250781983137,0,
00:00:16.196,0.00942022632807493,-0.00647350633516908,0.00591627415269613,0,
00:00:16.2,-0.00549046834930778,0.00562085583806038,-0.0220252759754658,0,
00:00:16.204,0.0105033377185464,0.00658436678349972,-0.005692801438272,0,
00:00:16.208,0.00286815571598709,0.00305018993094563,0.00170024146791548,0,
00:00:16.212,0.0245851743966341,-0.000628579815384001,0.00633406965062022,0,
00:00:16.216,-0.0124061172828078,-0.000417882401961833,0.00828922539949417,0,
00:00:16.22,-0.0117103420197964,-0.0023302820045501,0.00324201723560691,0,
00:00:16.224,-0.0196432918310165,-0.00697294576093555,-0.00596968363970518,0,
00:00:16.228,0.00159876269754022,-0.00400832388550043,0.00405861530452967,0,
00:00:16.232,0.0070152785629034,0.0111668827012181,-4.12089548262884E-06,0,
00:00:16.236,0.00174937152769417,0.00227402313612401,-0.0146571528166533,0,
00:00:16.24,0.0131823625415564,-0.00152073951903731,-0.00529653346166015,0,
00:00:16.244,0.00622564787045121,-0.00426544342190027,0.0176840573549271,0,
00:00:16.248,-0.000702599878422916,-0.00147605268284678,0.0054502934217453,0,
00:00:16.252,-0.0235792621970177,0.00541894137859344,0.00751665513962507,0,
00:00:16.256,0.00802422780543566,0.00237838388420641,-0.0278499685227871,0,
00:00:16.26,0.00867647863924503,-0.00362612563185394,0.00162059150170535,0,
00:00:16.264,-0.00498399371281266,-0.00322228693403304,-0.00249647814780474,0,
00:00:16.268,-0.0022755314130336,-0.00292615732178092,0.0106363147497177,0,
00:00:16.272,-0.00220423052087426,0.00301776267588139,0.00848709139972925,0,
00:00:16.276,0.00501260580495,0.0032998297829181,0.00600725878030062,0,
00:00:16.28,-0.00547867408022285,-0.00066394719760865,-0.013357168994844,0,
00:00:16.284,0.00095391011564061,0.00568783143535256,-0.0207301210612059,0,
00:00:16.288,0.00795372761785984,-0.00569948786869645,0.0313874632120132,0,
00:00:16.292,0.0261949207633734,-0.00234679295681417,0.0248071812093258,0,
00:00:16.296,-0.036327563226223,-0.000151006868691184,-0.0297583919018507,0,
00:00:16.3,-0.00446881027892232,0.0029560427647084,-0.0295391716063023,0,
00:00:16.304,-0.0182835776358843,-0.00305556668899953,-0.00287698116153479,0,
00:00:16.308,0.0240120757371187,0.00094214832643047,0.019885066896677,0,
00:00:16.312,0.0364047735929489,-0.000488497666083276,0.00607943115755916,0,
00:00:16.316,-0.0311140287667513,0.00693875690922141,0.0106801968067884,0,
00:00:16.32,-0.0141021329909563,-0.0045052426867187,0.0183148495852947,0,
00:00:16.324,0.0101498831063509,-0.00383248412981629,-0.011152976192534,0,
00:00:16.328,0.00101916829589754,0.00178917800076306,-0.0261880829930305,0,
00:00:16.332,0.0179723929613829,0.00628477521240711,-0.0097993491217494,0,
00:00:16.336,-0.00300681334920228,-0.0011301354970783,0.00664275139570236,0,
00:00:16.34,-0.0190417468547821,-0.00575824500992894,0.00848174747079611,0,
00:00:16.344,-0.0112358788028359,-0.00710761407390237,0.0092236278578639,0,
00:00:16.348,0.0177149325609207,0.00678908592090011,0.00768423127010465,0,
00:00:16.352,0.000962574500590563,0.00395874818786979,-0.00794054754078388,0,
00:00:16.356,0.00457625184208155,0.00118090561591089,-0.0014844536781311,0,
00:00:16.36,-0.00611938303336501,-0.000699995958711952,-0.00852744281291962,0,
00:00:16.364,-0.00593670783564448,-0.003481131978333,-0.00742793502286077,0,
00:00:16.368,0.0067153200507164,0.00286432611756027,0.0107533996924758,0,
00:00:16.372,0.00269287824630737,-0.000879116530995816,0.00847333669662476,0,
00:00:16.376,-0.00238829618319869,-0.00140473432838917,-0.00091039203107357,0,
00:00:16.38,-0.00174001348204911,-0.00271030515432358,-0.00185156660154462,0,
00:00:16.384,-0.00209432747215033,0.00219775154255331,-0.0052052503451705,0,
00:00:16.388,0.0236765649169683,0.0064345276914537,-0.011156102642417,0,
00:00:16.392,-0.0213430058211088,0.000969651737250388,0.0165426917374134,0,
00:00:16.396,-0.0243864450603724,-0.00986406765878201,0.00701275980100036,0,
00:00:16.4,0.0185363441705704,-0.00686726812273264,-0.0137678440660238,0,
00:00:16.404,0.0277787372469902,0.00608779303729534,-0.0184021573513746,0,
00:00:16.408,-0.0246453192085028,0.00896939542144537,0.0304110646247864,0,
00:00:16.412,-0.0008998301345855,0.00308613735251129,-0.00269201397895813,0,
00:00:16.416,0.025478471070528,-0.0107577973976731,0.00892060156911612,0,
00:00:16.42,-0.0272159837186337,0.00548128690570593,-0.0149001069366932,0,
00:00:16.424,-0.0108751803636551,-0.000937459641136229,-0.0136222131550312,0,
00:00:16.428,0.00846339203417301,-0.00423312047496438,-0.0035054471809417,0,
00:00:16.432,0.0085646640509367,0.000836649443954229,0.00507554644718766,0,
00:00:16.436,0.00740960380062461,0.00597922457382083,0.026838518679142,0,
00:00:16.44,-0.00707279238849878,-0.00286073330789804,-0.00721569964662194,0,
00:00:16.444,0.00858879555016756,-0.00528141437098384,-0.00373243493959308,0,
00:00:16.448,0.0103802252560854,0.00109442940447479,-0.00100968743208796,0,
00:00:16.452,-0.0238992385566235,0.00271601649001241,-0.000222300994209945,0,
00:00:16.456,-0.0106029454618692,0.00394364353269339,-0.00679331086575985,0,
00:00:16.46,0.000228261647862382,-0.00575129454955459,-0.00342558370903134,0,
00:00:16.464,0.0206871274858713,0.00577031448483467,0.00130233354866505,0,
00:00:16.468,0.0015176406595856,0.00023119464458432,-0.000460760958958417,0,
00:00:16.472,-0.00643258588388562,-0.00479455105960369,0.00732647441327572,0,
00:00:16.476,0.00226051406934857,-0.00497468560934067,0.0110988784581423,0,
00:00:16.48,-0.00789234228432179,0.00221303128637373,-0.00166981806978583,0,
00:00:16.484,-0.000653614057227969,0.00368623482063413,-0.02014478482306,0,
00:00:16.488,-0.00286911241710186,-0.00186188786756247,-0.00348443747498095,0,
00:00:16.492,0.0220662709325552,0.00423817802220583,0.0147421527653933,0,
00:00:16.496,-0.00295769283547997,0.00432460568845272,0.0044668959453702,0,
00:00:16.5,-0.0114946691319346,0.00326202367432415,-0.00977248325943947,0,
00:00:16.504,-0.00253062462434173,-0.0122522497549653,0.0169611927121878,0,
00:00:16.508,-0.0141422813758254,-0.00959771778434515,-0.0100533151999116,0,
00:00:16.512,0.0418155528604984,0.00904053170233965,-0.00609635096043348,0,
00:00:16.516,-0.0257660951465368,0.00126996461767703,-0.00847463868558407,0,
00:00:16.52,-0.0159798823297024,0.00288799242116511,0.00245120609179139,0,
00:00:16.524,0.00571156293153763,0.00153535522986203,0.0088801858946681,0,
00:00:16.528,0.00923699140548706,-0.00237084180116653,0.00577162811532617,0,
00:00:16.532,0.00759424967691302,0.000635575212072581,-0.00149895786307752,0,
00:00:16.536,0.0217229034751654,0.000262182351434603,-0.00499934377148747,0,
00:00:16.54,-0.016984885558486,0.00353658152744174,0.0187003128230572,0,
00:00:16.544,-0.0202562566846609,-0.00695953425019979,-0.0125413481146097,0,
00:00:16.548,0.00578655628487468,-0.0019660321995616,-0.0264818705618382,0,
00:00:16.552,-0.000201782502699643,0.00322027946822345,0.0090526957064867,0,
00:00:16.556,-0.00807741284370422,-0.0019210436148569,0.00729916617274284,0,
00:00:16.56,-0.00275176158174872,0.00196669320575893,0.010346126742661,0,
00:00:16.564,0.016623429954052,-3.36205848725513E-05,0.00171355821657926,0,
00:00:16.568,0.0349017679691315,0.0047606541775167,-0.0027230903506279,0,
00:00:16.572,-0.0183354783803225,-0.00084927340503782,-0.00367568735964596,0,
00:00:16.576,-0.0303488522768021,-0.00248991465196013,-0.00461131939664483,0,
00:00:16.58,-0.00742841837927699,0.000193204861716367,0.00119506695773453,0,
00:00:16.584,0.00305542512796819,-0.0025370828807354,-0.00195529474876821,0,
00:00:16.588,0.0193663444370031,-0.0053133862093091,0.00520012248307467,0,
00:00:16.592,0.0176960937678814,0.00672257412225008,0.00956809055060148,0,
00:00:16.596,-0.0292636826634407,-0.00128752959426492,-0.00619601178914309,0,
00:00:16.6,0.0218521077185869,0.00399134773761034,-0.00938175339251757,0,
00:00:16.604,0.00616614427417517,0.00612799311056733,-0.00723145063966513,0,
00:00:16.608,-0.0237825959920883,-0.00291864527389407,0.0171161722391844,0,
00:00:16.612,-0.0121363019570708,-0.00774511555209756,0.00449066190049052,0,
00:00:16.616,-0.00609549647197127,-0.0082961143925786,-0.00806643534451723,0,
00:00:16.62,0.0298858862370253,0.00455942144617438,-0.0125252408906817,0,
00:00:16.624,0.00380707974545658,0.00856450200080872,-0.00538863288238645,0,
00:00:16.628,-0.0151279801502824,0.001598896458745,0.011355266906321,0,
00:00:16.632,0.00902024935930967,-0.00161155441310257,0.0327498428523541,0,
00:00:16.636,0.0287767108529806,-0.000145102880196646,0.00208810064941645,0,
00:00:16.64,-0.0302029736340046,-0.00550894951447845,-0.0319160893559456,0,
00:00:16.644,-0.0435448922216892,-3.40648948622402E-05,-0.0139563716948032,0,
00:00:16.648,0.0251225661486387,0.00187208270654082,-0.00777253415435553,0,
00:00:16.652,0.0253603085875511,-0.0024695903994143,0.0177485179156065,0,
00:00:16.656,0.0108716860413551,0.00879833661019802,0.0148931071162224,0,
00:00:16.66,-0.0177298411726952,0.00120662443805486,-0.00642575649544597,0,
00:00:16.664,-0.00451801437884569,-0.0096844919025898,0.00130338279996067,0,
00:00:16.668,0.00573329254984856,-0.00239596073515713,-0.00108882342465222,0,
00:00:16.672,-0.0139208883047104,0.010638645850122,0.00706222327426076,0,
00:00:16.676,0.00124022760428488,-0.000213447638088837,-0.000344449857948348,0,
00:00:16.68,0.00627552298828959,-0.00817608740180731,-0.0168120227754116,0,
00:00:16.684,0.00307485251687467,-0.00771512696519494,-0.0115278773009777,0,
00:00:16.688,0.00169541966170073,0.0101417386904359,0.0165299270302057,0,
00:00:16.692,0.00255657639354467,0.00578112760558724,0.00877017993479967,0,
00:00:16.696,-0.0025335387326777,0.00273359147831798,0.00354773341678083,0,
00:00:16.7,-0.000673568982165307,-0.00647578714415431,-0.0089644156396389,0,
00:00:16.704,0.00506361434236169,-0.00265706586651504,-0.00360512314364314,0,
00:00:16.708,-0.0135397221893072,0.00371034070849419,0.00867106299847364,0,
00:00:16.712,-0.00196594232693315,-0.00331178726628423,-0.00798901915550232,0,
00:00:16.716,5.15521678607911E-05,-0.00238907989114523,0.00754033960402012,0,
00:00:16.72,0.0277539025992155,0.000307266833260655,-0.0040966309607029,0,
00:00:16.724,-0.0239547230303288,-0.000126058279420249,-0.019293051213026,0,
00:00:16.728,0.0205089747905731,0.0081215500831604,-0.00841656886041164,0,
00:00:16.732,-0.0478445738554001,-0.00333447079174221,0.0493831820785999,0,
00:00:16.736,0.043175145983696,-0.00116976350545883,0.0169945992529392,0,
00:00:16.74,0.0130919897928834,-0.000262430956354365,-0.0228224918246269,0,
00:00:16.744,-0.0326403304934502,-0.00413736375048757,-0.0424537695944309,0,
00:00:16.748,-0.0052236020565033,0.00398688204586506,-0.00699680997058749,0,
00:00:16.752,-0.00622275983914733,0.00328086572699249,0.0230056270956993,0,
00:00:16.756,0.0215055197477341,0.000326404813677073,0.019420089200139,0,
00:00:16.76,0.0142081398516893,0.000366041320376098,-0.000399883865611628,0,
00:00:16.764,-0.00638264790177345,-0.00403662538155913,-0.00728599447757006,0,
00:00:16.768,-0.00499009573832154,-0.00289206765592098,-0.00409821653738618,0,
00:00:16.772,-0.00886308215558529,0.00175392627716064,0.00630589853972197,0,
00:00:16.776,0.000776856613811105,-0.000514655141159892,0.00443791132420301,0,
00:00:16.78,-0.00590657209977508,0.000211442646104842,-0.00477070221677423,0,
00:00:16.784,0.00925339292734861,-0.00309316581115127,-0.0124723222106695,0,
00:00:16.788,-0.00160429487004876,0.00509557733312249,-0.00166491675190628,0,
00:00:16.792,-0.000143472760100849,0.00391323585063219,0.00901642255485058,0,
00:00:16.796,0.00445154588669539,0.00241017155349255,-4.96998691232875E-05,0,
00:00:16.8,0.0110605731606483,-0.00410340493544936,0.0043893433175981,0,
00:00:16.804,0.0270113069564104,-0.00215041055344045,0.0163566935807467,0,
00:00:16.808,-0.0445706211030483,-0.00585568090900779,-0.0235483758151531,0,
00:00:16.812,-0.0250386670231819,0.00504404678940773,-0.0126475607976317,0,
00:00:16.816,-0.00556734297424555,-0.000782918359618634,0.0130777638405561,0,
00:00:16.82,0.021190395578742,-0.00273765134625137,0.0149730108678341,0,
00:00:16.824,0.0233317520469427,0.00470348121598363,-0.00851400941610336,0,
00:00:16.828,0.0118570318445563,0.000945284438785166,-0.0123613271862268,0,
00:00:16.832,-0.0242044571787119,-0.00253810174763203,0.0107323937118053,0,
00:00:16.836,0.0125476699322462,0.00125220185145736,0.00498104142025113,0,
00:00:16.84,-0.00861989706754684,0.00113257416523993,-0.0160387177020311,0,
00:00:16.844,0.00723378779366612,-2.09362733585294E-05,0.00328582222573459,0,
00:00:16.848,-0.0102715622633696,-0.00496641313657165,0.00554218143224716,0,
00:00:16.852,-0.0053961044177413,0.00511712487787008,0.0253080353140831,0,
00:00:16.856,0.000129284133436158,0.000781422888394445,-0.0180328898131847,0,
00:00:16.86,0.011592760682106,0.00282331113703549,-0.0152975348755717,0,
00:00:16.864,-0.0188009422272444,-0.00552859250456095,-0.00603559426963329,0,
00:00:16.868,0.0156766623258591,-0.00620818650349975,0.0128997266292572,0,
00:00:16.872,-0.00101093912962824,0.00579917849972844,0.00718738650903106,0,
00:00:16.876,-0.00151384936179966,-0.00214221025817096,-0.00344090582802892,0,
00:00:16.88,0.0301089826971293,0.00155933818314224,-0.00109480659011751,0,
00:00:16.884,-0.0359536968171597,0.00211574090644717,-0.00235903123393655,0,
00:00:16.888,0.0151515547186136,-0.00097788474522531,0.00807588919997215,0,
00:00:16.892,-0.0201398450881243,-0.000246099312789738,-0.00650121876969934,0,
00:00:16.896,-0.014073901809752,0.00274705141782761,-0.00083183724200353,0,
00:00:16.9,0.0227781813591719,0.00296079041436315,0.000293218705337495,0,
00:00:16.904,0.0216139573603868,0.000941598787903786,-0.00609333906322718,0,
00:00:16.908,-0.0247205831110477,-0.0117214657366276,0.00171407032757998,0,
00:00:16.912,0.00395810417830944,0.00319563108496368,0.0046937819570303,0,
00:00:16.916,0.00527655845507979,-0.00265549030154943,0.00372726540081203,0,
00:00:16.92,0.0186940208077431,0.0042888643220067,0.00943662412464619,0,
00:00:16.924,-0.016967847943306,-0.000962006975896657,-0.00277001713402569,0,
00:00:16.928,-0.0219884719699621,-0.0019894044380635,-0.0145287085324526,0,
00:00:16.932,0.004293751437217,0.00970530137419701,-0.0115386331453919,0,
00:00:16.936,0.0127975903451443,0.00146907404996455,0.0163193363696337,0,
00:00:16.94,0.00748758623376489,-0.0100684138014913,8.56719780131243E-05,0,
00:00:16.944,-0.00405360385775566,-0.000943566090427339,-0.00793544948101044,0,
00:00:16.948,-0.00849440880119801,0.00402784673497081,0.0103302737697959,0,
00:00:16.952,0.00254247593693435,0.00399286905303597,0.00878461077809334,0,
00:00:16.956,0.00424052448943257,-0.0111066065728664,-0.00102475262247026,0,
00:00:16.96,0.00619410909712315,0.00223199184983969,-0.0216053836047649,0,
00:00:16.964,0.0142130702733994,0.00686398148536682,0.0129628665745258,0,
00:00:16.968,-0.0104477787390351,0.000733257213141769,3.78096265194472E-05,0,
00:00:16.972,-0.0495178252458572,-0.00377949723042548,-0.00527909258380532,0,
00:00:16.976,0.0277531705796719,0.00221167784184217,-0.00827452540397644,0,
00:00:16.98,0.00100285897497088,-0.00336917024105787,0.013929664157331,0,
00:00:16.984,0.0111315548419952,0.000501845730468631,-0.00187779287807643,0,
00:00:16.988,0.00975068751722574,0.00323412055149674,-0.00206860527396202,0,
00:00:16.992,-0.0117016807198524,-0.00345428520813584,0.0112098949030042,0,
00:00:16.996,0.0123165361583233,0.000258701242273673,0.00271089281886816,0,
00:00:17,-0.00725298235192895,-0.00102250243071467,-0.0226918775588274,0,
00:00:17.004,-0.006465635728091,0.00260351644828916,0.00323581392876804,0,
00:00:17.008,-0.00323835946619511,0.00579776195809245,0.00962696596980095,0,
00:00:17.012,5.37818850716576E-05,-0.0020562456920743,0.00187548773828894,0,
00:00:17.016,0.00612219655886292,-0.00856693927198648,-0.00629337690770626,0,
00:00:17.02,-0.0141501603648067,-0.00334040471352637,0.00113976141437888,0,
00:00:17.024,0.0162536781281233,0.00448787678033113,-0.00663229590281844,0,
00:00:17.028,0.00809262692928314,0.00268556573428214,0.00820500589907169,0,
00:00:17.032,-0.00447892211377621,0.00612872606143355,0.00375773385167122,0,
00:00:17.036,-0.0178017765283585,0.00325605762191117,-0.00652665924280882,0,
00:00:17.04,0.0071125440299511,-0.0114109013229609,0.00776095408946276,0,
00:00:17.044,0.00542218796908855,0.00205586897209287,-0.00135873130057007,0,
00:00:17.048,-0.0215593762695789,-0.0041683972813189,0.00845792610198259,0,
00:00:17.052,0.0367918647825718,0.00115147884935141,-0.0126802381128073,0,
00:00:17.056,0.01043741684407,0.000692488276399672,-0.0166517794132233,0,
00:00:17.06,-0.0328289978206158,0.00406859302893281,0.00434471946209669,0,
00:00:17.064,-0.0154040390625596,0.00228119152598083,0.00154829898383468,0,
00:00:17.068,0.00732293678447604,-0.000354712188709527,0.00871957000344992,0,
00:00:17.072,0.00800695829093456,-0.00183581409510225,0.0164501294493675,0,
00:00:17.076,0.00141168187838048,-0.0018580281175673,-0.0024816794320941,0,
00:00:17.08,0.0374183543026447,-0.00307850958779454,-0.00177727546542883,0,
00:00:17.084,-0.0202892068773508,0.00402950029820204,-0.0143319396302104,0,
00:00:17.088,-0.0190923921763897,0.000257229548878968,0.000944656960200518,0,
00:00:17.092,-0.0100126983597875,-0.000755531655158848,0.0085855508223176,0,
00:00:17.096,0.00423066830262542,-0.000538946129381657,-0.0158909074962139,0,
00:00:17.1,0.00861303135752678,-4.1787869122345E-05,-7.00644304743037E-05,0,
00:00:17.104,0.00660644937306643,-0.00179378525353968,0.00250493409112096,0,
00:00:17.108,0.000222203496377915,0.00230771931819618,0.0103779239580035,0,
00:00:17.112,0.00484847975894809,0.00599338160827756,0.00830334145575762,0,
00:00:17.116,-0.00512468907982111,-0.00375043810345232,-0.0063635422848165,0,
00:00:17.12,-0.00559286959469318,-0.00630014529451728,-0.00600731279700994,0,
00:00:17.124,-0.00240500271320343,0.000463676842628047,-0.00168211397249252,0,
00:00:17.128,0.00695359939709306,0.00260226568207145,0.0160765293985605,0,
00:00:17.132,-0.0099374046549201,0.00211662915535271,-0.00519726891070604,0,
00:00:17.136,-0.00317136896774173,0.00488684372976422,-0.0054924301803112,0,
00:00:17.14,-0.00526975840330124,-0.00644359132274985,-0.020014688372612,0,
00:00:17.144,0.0340982973575592,-0.00220405287109315,0.00860153045505285,0,
00:00:17.148,0.0244094301015139,-0.00155679287854582,0.0114291645586491,0,
00:00:17.152,-0.018583046272397,0.00348835927434266,-0.00944356061518192,0,
00:00:17.156,-0.061875905841589,0.00290943426080048,0.00841133575886488,0,
00:00:17.16,-0.0177138578146696,0.000682774640154094,0.00714447535574436,0,
00:00:17.164,0.0661501511931419,-0.00102553097531199,0.00270348833873868,0,
00:00:17.168,0.0100674983114004,-0.0036168887745589,0.000204120398848318,0,
00:00:17.172,-0.023893166333437,0.00293422490358353,-0.012533294968307,0,
00:00:17.176,0.0177429858595133,-0.00275079836137593,-0.0144956577569246,0,
00:00:17.18,-0.0138928471133113,0.00287234806455672,0.0118765458464622,0,
00:00:17.184,-0.000202064693439752,-0.00495980540290475,0.00590406311675906,0,
00:00:17.188,0.00483879214152694,0.00692075397819281,-0.00494132982566953,0,
00:00:17.192,-0.0112259313464165,-0.00106413569301367,-0.0077185514383018,0,
00:00:17.196,0.00297663500532508,-0.00257905968464911,0.0233310330659151,0,
00:00:17.2,-0.000550941564142704,-0.00140639755409211,-0.000758495298214257,0,
00:00:17.204,-0.00357698439620435,0.000125265738461167,-0.00632170820608735,0,
00:00:17.208,0.00787381641566753,0.00512060336768627,-0.0109628718346357,0,
00:00:17.212,0.011514781974256,-0.00710874376818538,-0.00825144350528717,0,
00:00:17.216,-0.0185506492853165,0.00327577837742865,0.00259412545710802,0,
00:00:17.22,0.0076226107776165,0.000959361845161766,0.0293720830231905,0,
00:00:17.224,-0.000368603854440153,-0.00200146087445319,-0.00567091396078467,0,
00:00:17.228,-0.00384016800671816,0.00385980331338942,-0.0190056748688221,0,
00:00:17.232,0.00121970684267581,0.00153305055573583,0.00245689693838358,0,
00:00:17.236,-0.00625141337513924,-0.00773677043616772,0.000595490215346217,0,
00:00:17.24,0.011052954941988,-0.000857434701174498,-0.000823090376798064,0,
00:00:17.244,-0.00797677505761385,0.00695702759549022,0.00579383596777916,0,
00:00:17.248,0.0226004514843225,0.00334717985242605,0.00107175053562969,0,
00:00:17.252,0.00610844884067774,-0.00353333610109985,0.00325661059468985,0,
00:00:17.256,-0.0243548024445772,-0.00784609187394381,-0.0010402953485027,0,
00:00:17.26,-0.0237228069454432,0.00459329411387444,-0.0122048314660788,0,
00:00:17.264,-0.00400968035683036,-0.000103481732367072,-0.00614688126370311,0,
00:00:17.268,0.0301488433033228,0.00226058042608202,0.0127962017431855,0,
00:00:17.272,0.0101957144215703,0.00322096957825124,0.00321099371649325,0,
00:00:17.276,-0.00559543585404754,-0.00447884341701865,0.0109437955543399,0,
00:00:17.28,0.000105014631117228,0.00120607845019549,-0.0162664391100407,0,
00:00:17.284,-0.00415379973128438,-0.001588323735632,0.0117003563791513,0,
00:00:17.288,-0.0123469298705459,-0.0031760788988322,-0.00643445271998644,0,
00:00:17.292,0.0163904782384634,0.00210450892336667,-0.0136101925745606,0,
00:00:17.296,-0.0050711939111352,0.00460737757384777,0.0118748769164085,0,
00:00:17.3,-0.00402215495705605,-0.00501738488674164,-0.00285094743594527,0,
00:00:17.304,0.00102104933466762,0.00405929097905755,-0.00222445209510624,0,
00:00:17.308,0.00752480560913682,-0.0019497259054333,-0.00897994358092546,0,
00:00:17.312,-0.0159312374889851,0.00475514074787498,0.0317268259823322,0,
00:00:17.316,-0.00572417723014951,-0.00151379127055407,-0.00701964041218162,0,
00:00:17.32,0.0150666870176792,-0.00561574706807733,-0.00481828395277262,0,
00:00:17.324,0.013418666087091,-0.00888939574360847,-0.0207529701292515,0,
00:00:17.328,0.00565925007686019,0.0048538576811552,0.0106639862060547,0,
00:00:17.332,-0.0171856246888638,0.0117414323613048,0.00117485516238958,0,
00:00:17.336,-0.00804984569549561,0.00681961281225085,-0.00170099141541868,0,
00:00:17.34,-0.00916112121194601,-0.00891486741602421,0.00542856240645051,0,
00:00:17.344,0.00885370094329119,-0.0077431695535779,-0.00283852545544505,0,
00:00:17.348,0.0247458554804325,0.000196464912733063,0.00968684069812298,0,
00:00:17.352,0.00128950655926019,0.00679033575579524,-0.0098978765308857,0,
00:00:17.356,-0.0327255316078663,-0.00171610561665148,0.00461550150066614,0,
00:00:17.36,0.0048325345851481,-0.00239357841201127,-0.00795409083366394,0,
00:00:17.364,0.0118767088279128,-0.00475825509056449,-0.00267725065350533,0,
00:00:17.368,-0.00412053242325783,0.00903100613504648,0.0223834980279207,0,
00:00:17.372,-0.015997001901269,-0.00136923778336495,-0.00586892338469625,0,
00:00:17.376,0.0146141201257706,-0.00208798074163496,-0.00862770993262529,0,
00:00:17.38,0.0151707185432315,0.00386184500530362,-0.0118309510871768,0,
00:00:17.384,-0.00366299296729267,-0.00295903813093901,-0.00135316443629563,0,
00:00:17.388,-0.00322128180414438,0.00405463203787804,0.0068130805157125,0,
00:00:17.392,-0.00236090854741633,-0.00370578863658011,0.00625143246725202,0,
00:00:17.396,-0.00791848637163639,-0.00542780291289091,0.00698364665731788,0,
00:00:17.4,-0.0139100151136518,0.00134491838980466,0.0249067228287458,0,
00:00:17.404,0.015804560855031,0.00101518037263304,-0.0076680751517415,0,
00:00:17.408,0.0105927977710962,0.00829816982150078,-0.0403327643871307,0,
00:00:17.412,-0.0110240830108523,-0.00178678042721003,-0.0167135950177908,0,
00:00:17.416,0.0177736226469278,-0.0100231450051069,0.0141624789685011,0,
00:00:17.42,-0.0097338268533349,0.00572488689795136,0.0105629619210958,0,
00:00:17.424,-0.00872420053929091,0.0048629785887897,0.0126958880573511,0,
00:00:17.428,-0.00119077123235911,-0.00196259981021285,0.0156820695847273,0,
00:00:17.432,-0.00670654140412807,-0.00302594876848161,-0.00354209076613188,0,
00:00:17.436,0.0098962327465415,0.000467482022941113,-0.0296715628355742,0,
00:00:17.44,0.00793114863336086,0.000203200033865869,0.0144650060683489,0,
00:00:17.444,-0.0132986204698682,-0.00462973490357399,0.0213203709572554,0,
00:00:17.448,-0.00208527385257185,-0.0028662015683949,-0.0181733760982752,0,
00:00:17.452,0.0541851744055748,0.00690486049279571,-0.0218288172036409,0,
00:00:17.456,-0.0315421856939793,0.00747044431045651,0.00353457499295473,0,
00:00:17.46,-0.0335146300494671,-0.00319939735345542,-0.00279532931745052,0,
00:00:17.464,-0.011477392166853,0.00207371567375958,0.02082041464746,0,
00:00:17.468,0.0167804230004549,-0.00775724882259965,0.00984547939151526,0,
00:00:17.472,0.0189116820693016,-0.000362720486009493,-0.0104530258104205,0,
00:00:17.476,0.0115686310455203,-0.00309396721422672,-0.00628013210371137,0,
00:00:17.48,-0.00687201414257288,0.00251819589175284,-0.0114836879074574,0,
00:00:17.484,-0.00411392003297806,0.00329123763367534,0.00970490369945765,0,
00:00:17.488,0.00456396117806435,0.00595803745090961,0.0291894841939211,0,
00:00:17.492,-0.0148839103057981,-0.00393426744267344,0.00262221810407937,0,
00:00:17.496,-0.00384391145780683,-0.0084856441244483,-0.0372079759836197,0,
00:00:17.5,0.00081829511327669,0.00239566061645746,-0.015893742442131,0,
00:00:17.504,0.00688799982890487,0.00421843165531754,0.0113469120115042,0,
00:00:17.508,0.00740295415744185,0.00641039991751313,0.0168301817029715,0,
00:00:17.512,-0.00467872945591807,-0.00617701979354024,0.0018883915618062,0,
00:00:17.516,0.00282095139846206,-0.00279233208857477,0.00044800085015595,0,
00:00:17.52,-0.0118557084351778,-0.00233746482990682,-0.00956791173666716,0,
00:00:17.524,0.0177780855447054,0.0050564524717629,-0.000404840830015019,0,
00:00:17.528,0.000877922109793872,-0.00123917637392879,0.0231219790875912,0,
00:00:17.532,-0.00738046038895845,0.0032937852665782,0.00319922715425491,0,
00:00:17.536,-0.0220213886350393,-0.00331279938109219,-0.0267861858010292,0,
00:00:17.54,0.00627043284475803,-0.00410888716578484,-0.0135551895946264,0,
00:00:17.544,0.0101485922932625,0.00665254797786474,0.00442027719691396,0,
00:00:17.548,0.0178903397172689,-0.000513078703079373,0.00848880875855684,0,
00:00:17.552,-0.0116030601784587,0.0025997378397733,0.00631988979876041,0,
00:00:17.556,-0.00393569329753518,-0.00251390761695802,0.0191608648747206,0,
00:00:17.56,0.00106088060420007,-0.0029119816608727,-0.0119981048628688,0,
00:00:17.564,6.30750364507549E-05,-0.00130888819694519,-0.0124485641717911,0,
00:00:17.568,-0.00337625737302005,0.00452436925843358,-0.00792363751679659,0,
00:00:17.572,-0.0139868697151542,-0.00272371084429324,0.0155437337234616,0,
00:00:17.576,0.0169171839952469,-0.00209814985282719,0.0133636547252536,0,
00:00:17.58,0.0141724878922105,0.000279495638096705,-0.0120420595631003,0,
00:00:17.584,-0.00847471226006746,-0.00451739318668842,-0.00908931437879801,0,
00:00:17.588,-0.00762596353888512,0.00970660708844662,0.00574249634519219,0,
00:00:17.592,0.000545955030247569,0.00586443161591887,-0.00966359488666058,0,
00:00:17.596,-0.00786393601447344,-0.00320887239649892,-0.00476074451580644,0,
00:00:17.6,0.00294447760097682,-0.00710859335958958,0.0137364324182272,0,
00:00:17.604,0.00741604808717966,0.00088658177992329,-0.00254814769141376,0,
00:00:17.608,-0.00268439133651555,-0.00290486752055585,0.0106197129935026,0,
00:00:17.612,-0.00128759955987334,0.00595930870622396,0.0253666639328003,0,
00:00:17.616,-0.00680901715531945,-0.00157087622210383,-0.0295227244496346,0,
00:00:17.62,0.0393172800540924,-0.00412849569693208,-0.015518132597208,0,
00:00:17.624,-0.0134406918659806,0.00155752431601286,-0.0108577506616712,0,
00:00:17.628,-0.0220727529376745,0.00255304737947881,0.015188311226666,0,
00:00:17.632,-0.0199355110526085,0.0034891371615231,0.0117181772366166,0,
00:00:17.636,-0.00549748353660107,-0.00617162231355906,-0.00834648031741381,0,
00:00:17.64,0.0348645560443401,-0.000669413537252694,0.0119984792545438,0,
00:00:17.644,0.0107279466465116,0.00201053684577346,-0.00892724189907312,0,
00:00:17.648,0.00175285909790546,0.006290253251791,0.024193475022912,0,
00:00:17.652,-0.000619372760411352,0.00531929358839989,-0.0148472962900996,0,
00:00:17.656,-0.0339066050946712,-0.0073311310261488,-0.0212639290839434,0,
00:00:17.66,0.00222199037671089,-0.0160054955631495,0.00389410415664315,0,
00:00:17.664,0.0392996408045292,0.000656758900731802,-0.00295092980377376,0,
00:00:17.668,-0.0309949889779091,0.0140084763988853,0.00531305791810155,0,
00:00:17.672,-0.00719706201925874,0.00554841291159391,0.00971049442887306,0,
00:00:17.676,0.0146788852289319,-0.00351066188886762,-0.00101940985769033,0,
00:00:17.68,0.00974531564861536,-0.00653589982539415,0.00533072603866458,0,
00:00:17.684,-0.00239559216424823,-0.000274003192316741,0.00308897974900901,0,
00:00:17.688,-0.0124986218288541,-0.00237994128838182,-0.00556691642850637,0,
00:00:17.692,-0.00304306764155626,0.00965995248407125,-0.00033259263727814,0,
00:00:17.696,0.00324980122968555,-0.00216813874430954,-0.0136225866153836,0,
00:00:17.7,0.0111007066443563,-0.00122526800259948,0.00323384790681303,0,
00:00:17.704,-0.000588235096074641,0.00105202046688646,-0.00310135423205793,0,
00:00:17.708,-0.0104034543037415,-0.00270839361473918,0.0061370050534606,0,
00:00:17.712,-0.00159037986304611,-0.00400709314271808,0.00807670503854752,0,
00:00:17.716,0.0181327611207962,0.00191621819976717,-0.00176278490107507,0,
00:00:17.72,-0.0219607036560774,0.00489613274112344,0.00125424668658525,0,
00:00:17.724,0.015154798515141,-0.00250605656765401,-0.0135820833966136,0,
00:00:17.728,0.0153106292709708,0.00240642135031521,0.0130928149446845,0,
00:00:17.732,-0.0306508056819439,-0.00348271755501628,0.00115354300942272,0,
00:00:17.736,0.00264530326239765,0.00243458058685064,-0.00970999523997307,0,
00:00:17.74,0.00335416104644537,-0.000916177639737725,0.0170034971088171,0,
00:00:17.744,-0.00739372940734029,-0.00109944678843021,-0.00207816367037594,0,
00:00:17.748,0.00761656695976853,0.00179882172960788,-0.0267168469727039,0,
00:00:17.752,0.0169650390744209,-0.00155513838399202,-0.00725537072867155,0,
00:00:17.756,-0.00833739154040813,-0.00101085042115301,0.0180250946432352,0,
00:00:17.76,-0.00402708072215319,-0.00180570315569639,0.00474531389772892,0,
00:00:17.764,0.0131504693999887,0.00293664378114045,0.0221060570329428,0,
00:00:17.768,-0.0200702622532845,0.00460341712459922,-0.00444502430036664,0,
00:00:17.772,-0.0009602892678231,-0.00348613690584898,-0.00904060248285532,0,
00:00:17.776,-0.0060766851529479,-0.000629289948847145,-0.0206452831625938,0,
00:00:17.78,0.013401354663074,4.37617745774332E-05,-0.00504261208698154,0,
00:00:17.784,0.00732223922386765,-0.00208521587774158,0.00252450350672007,0,
00:00:17.788,0.00852180365473032,0.00391784962266684,0.0202531684190035,0,
00:00:17.792,-0.0221080761402845,0.00160403130576015,0.0065490179695189,0,
00:00:17.796,0.0031807217746973,-0.00349168921820819,-0.00671727256849408,0,
00:00:17.8,-0.00310874171555042,-0.00261501572094858,-0.00407971488311887,0,
00:00:17.804,0.00256593897938728,-0.00233804876916111,0.0085479523986578,0,
00:00:17.808,0.0122300647199154,0.00538691366091371,-0.0080798389390111,0,
00:00:17.812,-0.00535872997716069,0.00129972782451659,-0.0117682162672281,0,
00:00:17.816,-0.00202398002147675,-0.000441101263277233,7.6635777077172E-05,0,
00:00:17.82,-0.00372689054347575,-0.000850336626172066,0.00815658457577229,0,
00:00:17.824,-0.00348241510801017,-0.00269758491776884,0.0125743551179767,0,
00:00:17.828,0.0113074509426951,-0.000324306223774329,-0.00218628323636949,0,
00:00:17.832,-0.00836182106286287,0.00992415379732847,-0.019189914688468,0,
00:00:17.836,-0.000748416117858142,-0.0018306354759261,-0.00368366646580398,0,
00:00:17.84,-0.0141904400661588,-0.0115476604551077,0.0285832341760397,0,
00:00:17.844,0.022401038557291,-2.00922349904431E-05,-0.00543884886428714,0,
00:00:17.848,0.0310218278318644,0.00810907874256372,0.00228454964235425,0,
00:00:17.852,-0.0240058321505785,-0.00252559129148722,-0.0143479108810425,0,
00:00:17.856,-0.0246395133435726,-0.00199747108854353,-0.00425323424860835,0,
00:00:17.86,-0.0160716213285923,0.00275594228878617,0.00568672828376293,0,
00:00:17.864,0.0186524949967861,0.00212867907248437,-0.00865123886615038,0,
00:00:17.868,0.0164020657539368,0.00428153108805418,0.00150325160939246,0,
00:00:17.872,0.0127470577135682,-0.00726137589663267,0.0157194565981627,0,
00:00:17.876,-0.0164482183754444,-0.00277515058405697,-0.00299628055654466,0,
00:00:17.88,-0.00320096034556627,0.00453169038519263,0.00251422938890755,0,
00:00:17.884,0.000414537149481475,-0.00430614221841097,-6.33550953352824E-05,0,
00:00:17.888,-0.00987944845110178,0.00445129116997123,-0.0112505881115794,0,
00:00:17.892,0.0264037922024727,-0.00602493574842811,0.00641796458512545,0,
00:00:17.896,-0.00170099921524525,0.00040355182136409,0.00857769232243299,0,
00:00:17.9,-0.0370655320584774,0.00559427961707115,-0.000968800683040172,0,
00:00:17.904,0.015593302436173,0.00333995814435184,-0.017506942152977,0,
00:00:17.908,0.014444793574512,0.00387455243617296,-0.00330104096792638,0,
00:00:17.912,-0.00922642834484577,-0.00634550489485264,0.0194430947303772,0,
00:00:17.916,-0.00351258483715355,-0.00580285862088203,-0.0174823291599751,0,
00:00:17.92,0.0086678909137845,-0.00383502896875143,-0.00339753529988229,0,
00:00:17.924,0.00472456682473421,0.00358412670902908,0.015977593138814,0,
00:00:17.928,-0.00574428448453546,0.00654864124953747,0.00614055898040533,0,
00:00:17.932,-0.000768878380768001,-0.0016508853295818,-0.00059905496891588,0,
00:00:17.936,-0.00297038932330906,0.000321184226777405,-0.0016635765787214,0,
00:00:17.94,0.00474534602835774,0.00212310836650431,0.0024721275549382,0,
00:00:17.944,-0.0137149458751082,-0.00462397653609514,-0.00975571293383837,0,
00:00:17.948,0.00245915609411895,-0.000458664522739127,-0.0091532077640295,0,
00:00:17.952,0.017795167863369,0.00296841957606375,0.00344767910428345,0,
00:00:17.956,-0.0105703976005316,-0.00112385908141732,-0.00479613477364182,0,
00:00:17.96,-0.00710572302341461,-0.00336772971786559,0.00908523704856634,0,
00:00:17.964,0.0226644705981016,0.00585759477689862,0.0126644922420383,0,
00:00:17.968,0.00530764646828175,-0.00175095105078071,-0.00122519896831363,0,
00:00:17.972,-0.0412661693990231,-0.00233167060650885,-0.00148852064739913,0,
00:00:17.976,0.00947129167616367,-0.00275196391157806,-0.00868590921163559,0,
00:00:17.98,0.0197689738124609,0.000667542044539005,-0.00937383156269789,0,
00:00:17.984,-0.00578508246690035,0.00899365171790123,0.0207022912800312,0,
00:00:17.988,0.00194836861919612,-0.00333514809608459,-0.0133540937677026,0,
00:00:17.992,-0.00226993835531175,0.00239797122776508,-0.001097820000723,0,
00:00:17.996,-0.00706476112827659,-0.0089814281091094,-0.0038121142424643,0,
00:00:18,-0.0121559770777822,0.000377233314793557,0.0100992834195495,0,
00:00:18.004,0.0213671419769526,0.00509957317262888,0.00162277778144926,0,
00:00:18.008,0.0173368267714977,0.000332181982230395,0.000567204726394266,0,
00:00:18.012,-0.0186493974179029,-0.00308247841894627,-0.0079533439129591,0,
00:00:18.016,-0.0102972388267517,0.0011660543968901,0.00336138508282602,0,
00:00:18.02,-0.0050541521050036,-0.00064891780493781,0.00100611615926027,0,
00:00:18.024,0.0124952476471663,0.00237066089175642,-0.00212461315095425,0,
00:00:18.028,0.00439330190420151,0.00321792857721448,-0.000451933185104281,0,
00:00:18.032,-0.00208251411095262,-0.00673906691372395,0.00125616078730673,0,
00:00:18.036,0.0250701252371073,0.0112702641636133,0.00783794932067394,0,
00:00:18.04,-0.034353144466877,-0.0121151842176914,-0.00293844263069332,0,
00:00:18.044,-0.00873422622680664,-0.00352780986577272,-0.00488207349553704,0,
00:00:18.048,0.00299668428488076,-0.000116423798317555,-0.00484846020117402,0,
00:00:18.052,0.0107264583930373,0.00359862670302391,-0.000119530464871787,0,
00:00:18.056,0.00791507214307785,0.00642087310552597,0.00940354634076357,0,
00:00:18.06,0.00410377094522119,0.00689803529530764,0.00387689238414168,0,
00:00:18.064,-0.00440085725858808,-0.0073196105659008,-0.00883298739790916,0,
00:00:18.068,-0.0014134596567601,-0.00654183933511376,-0.0095572816208005,0,
00:00:18.072,-0.0154547756537795,0.000481117342133075,0.000562331464607269,0,
00:00:18.076,-0.00605285074561834,0.0105502512305975,0.0154841085895896,0,
00:00:18.08,0.0300697777420282,-0.00833913963288069,0.00776077108457685,0,
00:00:18.084,0.00271468842402101,-0.00829013530164957,0.00153189478442073,0,
00:00:18.088,-0.0213855318725109,0.00449324259534478,-0.0136448740959167,0,
00:00:18.092,0.0128829898312688,0.00825532712042332,-0.0184350144118071,0,
00:00:18.096,-0.00871080718934536,0.00532193155959249,0.0166063345968723,0,
00:00:18.1,-0.000539411150384694,-0.010074682533741,-0.00103017711080611,0,
00:00:18.104,-0.0199081972241402,-0.00173758214805275,-0.00173166661988944,0,
00:00:18.108,0.0222780201584101,0.00561849772930145,0.00131654506549239,0,
00:00:18.112,0.0103735122829676,-0.00632915459573269,0.0070449379272759,0,
00:00:18.116,0.0083031477406621,0.00156376964878291,-0.00166792888194323,0,
00:00:18.12,-0.0194089598953724,0.00287886871956289,-0.000603238993790001,0,
00:00:18.124,-4.80493326904252E-05,0.00355223985388875,0.00302361417561769,0,
00:00:18.128,-0.0173423960804939,-0.00427200505509973,-0.0156859438866377,0,
00:00:18.132,-0.00604813359677792,-0.000791915459558368,0.0139422761276364,0,
00:00:18.136,0.0449037812650204,-0.00380839407444,-0.0169091895222664,0,
00:00:18.14,-0.00177732540760189,0.00437755370512605,0.0308021511882544,0,
00:00:18.144,0.00254186429083347,0.00554521987214684,0.00342361070215702,0,
00:00:18.148,-0.0178622640669346,-0.00165505532640964,-0.0253445934504271,0,
00:00:18.152,-0.0464983768761158,-0.00552508886903524,-0.0194391664117575,0,
00:00:18.156,0.0249812938272953,0.00172039528843015,-0.000744400080293417,0,
00:00:18.16,0.0560757853090763,0.0033717795740813,0.0285269673913717,0,
00:00:18.164,-0.0274483077228069,-0.00659431517124176,0.00849311426281929,0,
00:00:18.168,-0.0383493825793266,-0.00103796494659036,-0.00618085265159607,0,
00:00:18.172,0.0208887308835983,0.00205192668363452,0.0107215801253915,0,
00:00:18.176,0.0139824403449893,0.000511210702825338,-0.00320508074946702,0,
00:00:18.18,0.00321713648736477,0.00562727078795433,-0.0260393116623163,0,
00:00:18.184,0.00430713966488838,-0.000127156876260415,-0.0112476926296949,0,
00:00:18.188,-0.0283525940030813,-0.0021917826961726,0.0147721664980054,0,
00:00:18.192,-0.00721230451017618,-0.00614709546789527,0.0123409014195204,0,
00:00:18.196,0.00510394014418125,0.00513507844880223,-0.0093756765127182,0,
00:00:18.2,0.0528815351426601,0.00146008818410337,0.00846909359097481,0,
00:00:18.204,-0.0171556975692511,0.00354246445931494,0.0360995046794415,0,
00:00:18.208,-0.0341847576200962,-0.00928747840225697,-0.0232654716819525,0,
00:00:18.212,0.0168082360178232,0.00190249597653747,-0.0294794216752052,0,
00:00:18.216,-0.0184817593544722,-0.00132725108414888,-0.0111628016456962,0,
00:00:18.22,0.00633387733250856,0.000574366189539433,-0.00190739624667913,0,
00:00:18.224,0.0189994759857655,0.00633261213079095,0.0340141654014587,0,
00:00:18.228,-0.0267854444682598,0.000245915376581252,0.0143648283556104,0,
00:00:18.232,0.040000457316637,-0.00223228265531361,-0.0145624382421374,0,
00:00:18.236,-0.00207868963479996,-0.000146263555507176,-0.0128151103854179,0,
00:00:18.24,-0.0391167216002941,-0.00513280835002661,0.00110375019721687,0,
00:00:18.244,0.0270278304815292,0.000431037449743599,0.00427467888221145,0,
00:00:18.248,-0.0185627043247223,0.000137074253871106,0.00484123593196273,0,
00:00:18.252,-0.0018923127790913,0.00586894899606705,-0.00785983819514513,0,
00:00:18.256,0.0109437368810177,0.000327937625115737,0.00724368495866656,0,
00:00:18.26,0.00781908351927996,-0.00178398797288537,-0.00274910940788686,0,
00:00:18.264,0.00305162230506539,-0.00383581244386733,-0.0133052486926317,0,
00:00:18.268,-0.0180201698094606,0.00321534904651344,0.030178764835,0,
00:00:18.272,0.0140385236591101,-0.00024267726985272,-0.0122672971338034,0,
00:00:18.276,-0.0010453553404659,0.00119344075210392,-0.00980422552675009,0,
00:00:18.28,-0.0175894368439913,-0.0044663823209703,-0.00741233490407467,0,
00:00:18.284,0.0124648967757821,-0.00158135732635856,0.0100593073293567,0,
00:00:18.288,0.00129219726659358,0.00595262693241239,0.00121637573465705,0,
00:00:18.292,-0.00487484596669674,-0.00100065709557384,0.0105925491079688,0,
00:00:18.296,0.00593100301921368,0.000868074945174158,-0.0111355325207114,0,
00:00:18.3,0.0101182404905558,0.000183844284038059,-0.00532801123335958,0,
00:00:18.304,0.00166652444750071,-0.000713242683559656,0.00526857515797019,0,
00:00:18.308,-0.0452276133000851,-0.00306440074928105,0.000118557036330458,0,
00:00:18.312,0.0131357349455357,0.00544497556984425,0.00651877094060183,0,
00:00:18.316,0.0707385092973709,-0.0024668681435287,-0.00279919826425612,0,
00:00:18.32,-0.0415227189660072,-0.00493070855736732,-0.0121137099340558,0,
00:00:18.324,-0.0475746504962444,0.00118307326920331,0.00826037675142288,0,
00:00:18.328,0.0077338395640254,0.000554415339138359,0.00919763185083866,0,
00:00:18.332,0.0554329976439476,0.00372666935436428,0.00282000820152462,0,
00:00:18.336,-0.0113316103816032,0.00196020002476871,-0.0217872057110071,0,
00:00:18.34,-0.0133539503440261,-0.000494673673529178,-0.00634975265711546,0,
00:00:18.344,0.000582573236897588,0.00237089395523071,0.0239643417298794,0,
00:00:18.348,-0.0152866672724485,-0.00356828095391393,0.00807653926312923,0,
00:00:18.352,0.000172980493516661,-0.00816954113543034,-0.0110105667263269,0,
00:00:18.356,0.0161929242312908,6.09024755249266E-05,-0.0116151040419936,0,
00:00:18.36,0.00420706020668149,-0.000387549720471725,0.00587788876146078,0,
00:00:18.364,-0.012830532155931,0.00770213315263391,-0.00323100062087178,0,
00:00:18.368,-0.00477704685181379,0.00308375898748636,0.0164331793785095,0,
00:00:18.372,0.0274599697440863,0.00427450332790613,-0.0206839255988598,0,
00:00:18.376,-0.00781934801489115,-0.00330094178207219,0.00916966423392296,0,
00:00:18.38,-0.0146704353392124,-0.00493259774520993,-0.000414626410929486,0,
00:00:18.384,0.00854132231324911,-0.00108581059612334,-0.000797480868641287,0,
00:00:18.388,-0.0357948392629623,-0.00251237931661308,0.00280114402994514,0,
00:00:18.392,0.0333475843071938,-0.00241974694654346,0.0056747505441308,0,
00:00:18.396,0.00377307902090251,-0.000529386743437499,-0.00448325928300619,0,
00:00:18.4,0.0396486259996891,0.00985257606953382,-0.00695952074602246,0,
00:00:18.404,-0.0381559953093529,0.00506405113264918,-0.0019273494835943,0,
00:00:18.408,-0.0301508381962776,-0.0037171773146838,0.0108421770855784,0,
00:00:18.412,0.00375191634520888,-0.00293504446744919,-0.0123087037354708,0,
00:00:18.416,0.00530747184529901,-0.00687986426055431,0.0040450650267303,0,
00:00:18.42,0.0165314581245184,-0.00188336323481053,0.0168594550341368,0,
00:00:18.424,0.018538985401392,0.00285478844307363,-0.017186326906085,0,
00:00:18.428,-0.0095713147893548,0.0167745742946863,0.0132580269128084,0,
00:00:18.432,-0.0103779910132289,-0.0088286679238081,-0.00325801293365657,0,
00:00:18.436,-0.00998316239565611,-0.00913402810692787,-0.0135470004752278,0,
00:00:18.44,0.00949216820299625,-7.9305398685392E-05,0.0116454735398293,0,
00:00:18.444,-0.00431750155985355,0.00131634355057031,-0.0136116640642285,0,
00:00:18.448,0.00874446611851454,0.007237090729177,-0.00553095154464245,0,
00:00:18.452,-0.00275836326181889,-0.000989738269709051,0.0101054990664124,0,
00:00:18.456,-0.00977753289043903,0.000214317245990969,0.0207788683474064,0,
00:00:18.46,0.00284151616506279,-0.000551975099369884,-0.0138723393902183,0,
00:00:18.464,0.00183691782876849,-0.0032527856528759,0.00837397295981646,0,
00:00:18.468,0.00577261904254556,0.000878989580087364,-0.00671857874840498,0,
00:00:18.472,0.0285584647208452,0.00317978346720338,-0.00541177857667208,0,
00:00:18.476,-0.0299494452774525,-0.00380522315390408,-0.0110902264714241,0,
00:00:18.48,-0.0204134881496429,0.0019954654853791,0.00372417620383203,0,
00:00:18.484,0.0183244775980711,-0.00106230843812227,0.0164016000926495,0,
00:00:18.488,0.00227163848467171,-0.000944202532991767,9.09919035620987E-05,0,
00:00:18.492,-0.00376107753254473,-0.00206670863553882,-0.00488973362371325,0,
00:00:18.496,0.000986264669336379,0.00679052621126175,-0.00821972638368607,0,
00:00:18.5,-0.0124460011720657,-0.00156480155419558,-0.00369264464825392,0,
00:00:18.504,0.0234175175428391,-0.00475008878856897,0.00788863562047482,0,
00:00:18.508,0.00988474860787392,0.00288885645568371,0.0254756640642881,0,
00:00:18.512,-0.018219843506813,9.29402813198976E-05,-0.0201979074627161,0,
00:00:18.516,0.0038744977209717,0.00173801835626364,-0.0214377548545599,0,
00:00:18.52,-0.0182050447911024,-0.0103314165025949,0.0225605256855488,0,
00:00:18.524,-0.00601440249010921,0.00854091439396143,0.00218913843855262,0,
00:00:18.528,0.0349438041448593,0.00881015975028276,-0.0158932618796825,0,
00:00:18.532,-0.00682667689397931,-0.00392064545303583,0.00464539742097259,0,
00:00:18.536,-0.0121506489813328,-0.00791113544255495,-0.00191014539450407,0,
00:00:18.54,-0.0111677795648575,0.000936166732572019,-0.0044345511123538,0,
00:00:18.544,0.0144693376496434,-0.000194222549907863,0.0188439674675465,0,
00:00:18.548,0.00215954426676035,0.00258312118239701,0.0135244010016322,0,
00:00:18.552,0.00800010748207569,-0.00295569282025099,-0.0185245983302593,0,
00:00:18.556,-0.0142378862947226,0.00344323506578803,-0.00185936386696994,0,
00:00:18.56,0.00985536072403193,-0.00206266855821013,-0.00725688459351659,0,
00:00:18.564,-0.0119631364941597,-0.000764981028623879,-0.00695790769532323,0,
00:00:18.568,0.0219534151256084,0.00739112310111523,0.0084006953984499,0,
00:00:18.572,-0.0147454356774688,-0.00212469091638923,0.00175610242877156,0,
00:00:18.576,-0.0169469825923443,-0.00583733012899756,0.00231837714090943,0,
00:00:18.58,0.019499484449625,-8.43085144879296E-05,0.00900385063141584,0,
00:00:18.584,-0.00347052305005491,0.00379114272072911,0.00406242487952113,0,
00:00:18.588,-0.0107498029246926,-0.000518103712238371,0.00162415346130729,0,
00:00:18.592,-0.00021489591745194,-0.00111371662933379,-0.0244006607681513,0,
00:00:18.596,0.0182270221412182,-0.000425431731855497,-0.00531340669840574,0,
00:00:18.6,0.00486849760636687,-0.00180061045102775,0.00780755514279008,0,
00:00:18.604,0.000483315699966624,0.00251934048719704,0.000245849252678454,0,
00:00:18.608,8.58018975122832E-05,0.0020633835811168,0.0142403468489647,0,
00:00:18.612,-0.0179872680455446,-0.0017663094913587,0.00231319200247526,0,
00:00:18.616,-0.0165081825107336,0.00516882864758372,-0.0057188393548131,0,
00:00:18.62,0.0242262687534094,-0.00355832790955901,-0.00486500281840563,0,
00:00:18.624,-0.00463227508589625,-0.00185623555444181,0.00257796538062394,0,
00:00:18.628,-0.00445879250764847,-0.00542641850188375,-0.00299294828437269,0,
00:00:18.632,0.0101488027721643,0.0033689858391881,-0.00978075247257948,0,
00:00:18.636,-0.0110261933878064,0.00138102460186929,0.0130446152761579,0,
00:00:18.64,0.0139651643112302,-0.00322592328302562,0.0171439461410046,0,
00:00:18.644,0.0117748668417335,0.00872952770441771,-0.0106970127671957,0,
00:00:18.648,-0.0136407800018787,-0.00252522039227188,-0.00670435698702931,0,
00:00:18.652,-0.0102645074948668,-0.00112293497659266,-0.0134718809276819,0,
00:00:18.656,-0.00513442698866129,-0.00284885545261204,-0.00719302333891392,0,
00:00:18.66,0.00239141308702528,0.00141040026210248,0.0207714587450027,0,
00:00:18.664,0.00396837899461389,0.00343837216496468,0.00462245615199208,0,
00:00:18.668,0.00728593394160271,-0.00178726075682789,-0.00773272383958101,0,
00:00:18.672,0.0080870296806097,-0.00436350796371698,0.00114947732072324,0,
00:00:18.676,0.0100879790261388,0.00100972095970064,-0.00120382162276655,0,
00:00:18.68,-0.0264162048697472,0.00410220259800553,0.0136672863736749,0,
00:00:18.684,-0.0092006791383028,0.00128862634301186,-0.00315742939710617,0,
00:00:18.688,0.0158768985420465,-0.00770268682390451,-0.0140511393547058,0,
00:00:18.692,-0.0119694713503122,0.00153148733079433,0.00449161790311337,0,
00:00:18.696,-0.00766180595383048,0.00741298263892531,0.0121275587007403,0,
00:00:18.7,0.0386670902371407,-0.00421143276616931,-0.0147667685523629,0,
00:00:18.704,0.0112842889502645,0.000690588029101491,-0.00985581614077091,0,
00:00:18.708,-0.0296869929879904,-0.00391231849789619,0.0013757887063548,0,
00:00:18.712,-0.0274967607110739,0.000973230286035687,0.00366782303899527,0,
00:00:18.716,-0.0062126973643899,-8.47791598062031E-05,0.00751527631655335,0,
00:00:18.72,0.0381122305989265,0.00318488525226712,0.000634303491096944,0,
00:00:18.724,0.0283146183937788,0.00588093977421522,0.0461925230920315,0,
00:00:18.728,-0.0196626503020525,-0.00646855868399143,-0.0277730226516724,0,
00:00:18.732,-0.0327267870306969,-0.00497220968827605,-0.0324438288807869,0,
00:00:18.736,0.00707064382731915,0.00383496494032443,-0.0124589456245303,0,
00:00:18.74,0.00790293142199516,0.000798702298197895,0.00642034970223904,0,
00:00:18.744,0.0133606353774667,-0.000162677592015825,0.0185215026140213,0,
00:00:18.748,-0.0147098451852798,-0.000224672243348323,0.0164867322891951,0,
00:00:18.752,-0.0121224606409669,-0.00211643450893462,-0.0123591748997569,0,
00:00:18.756,0.0345076099038124,0.00414916500449181,-0.000519374501891434,0,
00:00:18.76,-0.00951525755226612,-0.000211902734008618,-0.00105245516169816,0,
00:00:18.764,-0.0158666484057903,0.0048281280323863,-0.00266166613437235,0,
00:00:18.768,0.0053172130137682,-0.0111040007323027,0.00185889878775924,0,
00:00:18.772,0.00529203517362475,-0.00328900362364948,0.018333787098527,0,
00:00:18.776,0.00233996566385031,0.00506495591253042,-0.0114042414352298,0,
00:00:18.78,-0.0111585697159171,0.000881344254594296,-0.0262614134699106,0,
00:00:18.784,-0.00919588841497898,0.00797175243496895,0.00206852843984962,0,
00:00:18.788,-0.00545421382412314,0.00249593402259052,0.0225856993347406,0,
00:00:18.792,0.0382410325109959,-0.00747118005529046,0.0109537076205015,0,
00:00:18.796,0.00584851298481226,-0.00340064102783799,-0.0223870016634464,0,
00:00:18.8,-0.026220140978694,0.00147030921652913,-0.00711663346737623,0,
00:00:18.804,-0.00685624266043305,-0.00105095049366355,0.019796222448349,0,
00:00:18.808,0.0047271721996367,0.00176537607330829,-0.00266511994414032,0,
00:00:18.812,0.0197070427238941,0.000922701088711619,0.00320291728712618,0,
00:00:18.816,-0.0159177035093308,-0.00445308536291122,-0.00116501876618713,0,
00:00:18.82,-0.0103300511837006,-0.000998285366222262,-0.0109018040820956,0,
00:00:18.824,0.000120495467854198,0.00457045948132873,-0.00487377075478435,0,
00:00:18.828,0.00629865797236562,0.0055191800929606,0.00253471964970231,0,
00:00:18.832,0.00461784144863486,-0.00145861937198788,0.00994351133704185,0,
00:00:18.836,-0.0193690862506628,-0.00529385032132268,-0.00743584707379341,0,
00:00:18.84,0.0708997398614883,0.00593805406242609,0.00851949770003557,0,
00:00:18.844,-0.0259656198322773,-0.0110911335796118,0.00953204277902842,0,
00:00:18.848,-0.0521528348326683,0.00390990497544408,0.00293416623026133,0,
00:00:18.852,0.015625074505806,0.00887043215334415,-0.0122036151587963,0,
00:00:18.856,0.00292212539352477,-0.0109458137303591,-0.0261413138359785,0,
00:00:18.86,-0.0165882911533117,-0.00102655100636184,0.0156364925205708,0,
00:00:18.864,0.0212475061416626,0.00787654425948858,0.00589226093143225,0,
00:00:18.868,0.0141066117212176,0.00206511374562979,-0.00443972088396549,0,
00:00:18.872,0.00753512931987643,0.000740299234166741,-0.00219387956894934,0,
00:00:18.876,-0.0145707577466965,-0.00429209088906646,0.0103859594091773,0,
00:00:18.88,0.00603052927181125,-0.00334939197637141,0.000307691399939358,0,
00:00:18.884,-0.00451560039073229,-0.00487580196931958,0.00320318806916475,0,
00:00:18.888,-0.0140676330775023,0.00933174695819616,0.0164857562631369,0,
00:00:18.892,-0.00140740664210171,-0.000945365463849157,-0.0168485064059496,0,
00:00:18.896,0.00209311116486788,0.00241182628087699,-0.0167426820844412,0,
00:00:18.9,0.00269453763030469,-0.00198112428188324,-0.00946899130940437,0,
00:00:18.904,0.00449141999706626,-0.00216557551175356,0.01476841699332,0,
00:00:18.908,0.00813628360629082,-0.000851331744343042,0.00152162404265255,0,
00:00:18.912,-0.00222789752297103,-0.00169881980400532,-0.000226683390792459,0,
00:00:18.916,-0.00808633863925934,0.00288189970888197,0.0157627835869789,0,
00:00:18.92,-0.00668598478659987,0.00449961982667446,-0.00748804770410061,0,
00:00:18.924,0.0253683179616928,-0.00145952380262315,0.00507083674892783,0,
00:00:18.928,-0.00402861554175615,-0.000495281303301454,-0.0153527613729239,0,
00:00:18.932,-0.00932305119931698,-0.00556410942226648,0.00939932186156511,0,
00:00:18.936,0.00490059889853001,0.00231066439300776,-0.00978972110897303,0,
00:00:18.94,-0.0374050848186016,-0.00182052538730204,0.00184939929749817,0,
00:00:18.944,0.0217574201524258,0.00225719274021685,0.012512918561697,0,
00:00:18.948,0.0085056945681572,0.00636572297662497,-0.00535439653322101,0,
00:00:18.952,0.00140824518166482,-0.00737693253904581,-0.0167474132031202,0,
00:00:18.956,0.00916838087141514,0.00215581618249416,0.00793699081987143,0,
00:00:18.96,-0.00285663595423102,-0.00222309934906662,0.0184324570000172,0,
00:00:18.964,-0.0165285412222147,0.0014716520672664,-0.010017859749496,0,
00:00:18.968,0.00330195832066238,0.00353985442779958,0.00584085984155536,0,
00:00:18.972,0.0213086232542992,-0.00371010904200375,-0.0164053365588188,0,
00:00:18.976,-0.0102777108550072,-0.00229630386456847,0.00556982355192304,0,
00:00:18.98,-0.0160988364368677,0.00262964447028935,0.0101495562121272,0,
00:00:18.984,0.00219047931022942,0.00209522200748324,-0.0113765615969896,0,
00:00:18.988,0.00875948928296566,-0.00185956968925893,-0.00226620282046497,0,
00:00:18.992,-0.00356183829717338,0.00714651495218277,-0.00346604734659195,0,
00:00:18.996,0.00946559105068445,-0.0076282131485641,0.00551806716248393,0,
00:00:19,0.00345382420346141,-0.00353370606899261,0.0174118056893349,0,
00:00:19.004,-0.0142991757020354,0.000193017578567378,-0.00181976181920618,0,
00:00:19.008,0.00543619878590107,0.004145588260144,-0.0102646378800273,0,
00:00:19.012,-0.0171185862272978,-0.00192723947111517,-0.0027015705127269,0,
00:00:19.016,0.028385991230607,-0.000587787595577538,0.00342738628387451,0,
00:00:19.02,0.000325037748552859,0.00348801887594163,-0.00617438135668635,0,
00:00:19.024,-0.0408158600330353,0.00202201609499753,-0.00519178574904799,0,
00:00:19.028,0.0295174084603786,0.00166313594672829,-0.0149074923247099,0,
00:00:19.032,-0.000696100643835962,-0.00581391528248787,0.036016721278429,0,
00:00:19.036,0.0180953834205866,0.00068092648871243,0.0108009064570069,0,
00:00:19.04,0.000393866823287681,0.00275893649086356,-0.00952396262437105,0,
00:00:19.044,-0.0286494363099337,-0.00867389235645533,-0.0175609588623047,0,
00:00:19.048,0.000506593729369342,0.00128301640506834,-0.00434342864900827,0,
00:00:19.052,-0.0063926475122571,0.00199059373699129,4.18053568864707E-05,0,
00:00:19.056,0.0133226839825511,0.00701906159520149,-0.000249416538281366,0,
00:00:19.06,-0.000358415069058537,-0.00167282845359296,0.00247762678191066,0,
00:00:19.064,0.00702376198023558,0.001640590489842,0.0165180861949921,0,
00:00:19.068,-0.000671586079988629,-0.00285901874303818,-0.00414082873612642,0,
00:00:19.072,0.0168657638132572,-0.00280805910006166,0.00873376708477736,0,
00:00:19.076,-0.020945867523551,0.00101762847043574,-0.0137796169146895,0,
00:00:19.08,-0.00691816536709666,-0.00142403645440936,-0.0019839524757117,0,
00:00:19.084,-0.0100513901561499,-0.00661190366372466,-0.00659415870904922,0,
00:00:19.088,0.0150583786889911,0.00685122050344944,0.00727570010349154,0,
00:00:19.092,0.00726331304758787,0.0104330312460661,0.00240136170759797,0,
00:00:19.096,0.000948005763348192,-0.00246075144968927,-0.00507650943472981,0,
00:00:19.1,-0.00455706333741546,-0.00764576951041818,-0.00410880753770471,0,
00:00:19.104,0.00507419928908348,0.00443478813394904,-0.00644888682290912,0,
00:00:19.108,-0.012564281001687,-0.0112698515877128,-0.00370326195843518,0,
00:00:19.112,-0.00971174333244562,0.00252845836803317,0.0536398105323315,0,
00:00:19.116,0.0306511428207159,0.00550333084538579,0.00217497884295881,0,
00:00:19.12,-0.00455445144325495,0.00551727786660194,-0.0424159318208694,0,
00:00:19.124,-0.0302109401673079,-0.00367512297816575,-0.0193719230592251,0,
00:00:19.128,0.0215846374630928,-0.00126199005171657,0.0123203685507178,0,
00:00:19.132,-0.003229686524719,-0.00467868847772479,0.000456447509350255,0,
00:00:19.136,-0.00505928881466389,0.00782045070081949,0.0039597568102181,0,
00:00:19.14,0.0289065334945917,-0.000776334316469729,0.00493086595088243,0,
00:00:19.144,0.00919052958488464,-0.000806427909992635,0.00776946684345603,0,
00:00:19.148,-0.0400228910148144,-0.00386581453494728,0.0119472853839397,0,
00:00:19.152,-0.0258071180433035,0.000232434511417523,0.00519663142040372,0,
00:00:19.156,0.0159319043159485,-0.00123575341422111,-0.0183844249695539,0,
00:00:19.16,0.0165035873651505,-0.00172642304096371,-0.0181469023227692,0,
00:00:19.164,0.00822245236486197,-0.000569484138395637,-0.0049705863930285,0,
00:00:19.168,0.004386599175632,0.00724300323054194,-0.00635848566889763,0,
00:00:19.172,-0.00572226522490382,0.00639418186619878,0.0279434565454721,0,
00:00:19.176,-0.00516136316582561,-0.00253627984784544,0.0114045571535826,0,
00:00:19.18,0.000240408146055415,-0.0070782508701086,0.00701439613476396,0,
00:00:19.184,0.0173982959240675,0.000448870472609997,-0.0192233882844448,0,
00:00:19.188,-0.0199836418032646,-0.00132507167290896,-0.00968830101191998,0,
00:00:19.192,-0.00568561116233468,0.00163357856217772,-0.00328709953464568,0,
00:00:19.196,-0.0131538240239024,-0.00538468454033136,-0.0027785343118012,0,
00:00:19.2,0.0299496091902256,0.00562324048951268,0.011919672600925,0,
00:00:19.204,0.00280254613608122,0.00213091750629246,0.0240859072655439,0,
00:00:19.208,-0.00914471503347158,-4.12476510973647E-05,-0.00756969768553972,0,
00:00:19.212,-0.00910670030862093,0.00109972315840423,-0.0169620253145695,0,
00:00:19.216,-0.0160171557217836,-0.00504764076322317,-0.0118300998583436,0,
00:00:19.22,0.0345607362687588,-0.00229899119585752,-0.00208678492344916,0,
00:00:19.224,0.00926596764475107,0.00545332999899983,0.0156178651377559,0,
00:00:19.228,-0.0394001603126526,0.00300741451792419,-0.00440028496086597,0,
00:00:19.232,0.0310152769088745,-0.00294185825623572,0.00988966878503561,0,
00:00:19.236,0.00179579539690167,-0.00491968495771289,0.0242509245872498,0,
00:00:19.24,-0.0232200101017952,-0.000948382134083658,-0.0259332079440355,0,
00:00:19.244,-0.00688492972403765,0.006496278103441,-0.016816658899188,0,
00:00:19.248,0.00730219855904579,0.00536434864625335,0.00192794913891703,0,
00:00:19.252,0.0113093946129084,-0.00937379244714975,-0.00101735489442945,0,
00:00:19.256,-0.00299129472114146,-0.00519135966897011,0.0136829819530249,0,
00:00:19.26,0.0108000105246902,0.0120481895282865,0.00871547590941191,0,
00:00:19.264,-0.00184466352220625,-0.00493668764829636,0.00405640481039882,0,
00:00:19.268,-0.0191965233534575,0.00223398860543966,-0.0114333014935255,0,
00:00:19.272,0.0144352680072188,0.000945421052165329,-0.019646055996418,0,
00:00:19.276,-0.00436543580144644,0.000676010793540627,0.0119019644334912,0,
00:00:19.28,-0.00879043154418468,-0.0104131773114204,0.0116439061239362,0,
00:00:19.284,0.00385646475479007,-0.00344778643921018,0.000518816174007952,0,
00:00:19.288,0.020848898217082,0.00836929772049189,-0.0105590401217341,0,
00:00:19.292,-0.0142905246466398,0.0111054480075836,-0.00881389528512955,0,
00:00:19.296,-0.00745080225169659,-0.00229570060037076,0.0168720558285713,0,
00:00:19.3,0.00818107090890408,-0.00777497747913003,0.00509976968169212,0,
00:00:19.304,-0.00420383037999272,-0.00203498406335711,-0.00122493354137987,0,
00:00:19.308,-0.0151722263544798,-0.00348613015376031,-0.0203734189271927,0,
00:00:19.312,0.0338648892939091,0.0136594586074352,0.00795895513147116,0,
00:00:19.316,-0.00253975484520197,-0.00560758542269468,0.00237785861827433,0,
00:00:19.32,-0.029073366895318,-0.00174002745188773,0.00141756457742304,0,
00:00:19.324,0.00475578010082245,-0.00284732854925096,0.0115859778597951,0,
00:00:19.328,0.0070233503356576,-0.00466242292895913,-0.0050508389249444,0,
00:00:19.332,0.0226535592228174,0.00544952927157283,-0.0142827229574323,0,
00:00:19.336,-0.00672549428418279,0.00529655674472451,-0.000696527538821101,0,
00:00:19.34,-0.0132663259282708,0.00376678770408034,0.00694664334878325,0,
00:00:19.344,-0.0145937856286764,-0.00546449283137918,-0.00122529198415577,0,
00:00:19.348,-0.00125075993128121,-0.00847707595676184,0.0130167976021767,0,
00:00:19.352,0.0148220891132951,0.0157076567411423,-0.00914406031370163,0,
00:00:19.356,0.0126143824309111,-0.00887770764529705,-0.0155173363164067,0,
00:00:19.36,-0.0150472586974502,-0.00320970709435642,0.0265386756509542,0,
00:00:19.364,0.00129775702953339,0.00242485548369586,-0.00273129739798605,0,
00:00:19.368,0.0279114618897438,-0.000211795093491673,-0.0135161224752665,0,
00:00:19.372,-0.0230003204196692,0.00413661543279886,-0.00192341592628509,0,
00:00:19.376,-0.0187199637293816,-0.00957433599978685,0.00494327815249562,0,
00:00:19.38,0.0236081574112177,0.00134511420037597,-0.00277493032626808,0,
00:00:19.384,-0.00733551802113652,0.00912328436970711,0.0103956023231149,0,
00:00:19.388,0.000450762687250972,0.00402306253090501,-0.000610476243309677,0,
00:00:19.392,-0.0185994617640972,-0.00417330814525485,-0.0149160008877516,0,
00:00:19.396,0.0103442436084151,-0.00484534492716193,0.00605498487129807,0,
00:00:19.4,0.011096803471446,-0.00444395700469613,0.0068918177857995,0,
00:00:19.404,0.0077484562061727,0.00432910490781069,-0.0107010882347822,0,
00:00:19.408,0.00597690558061004,0.00343198631890118,0.0136041045188904,0,
00:00:19.412,-0.0113137261942029,-0.00378231192007661,-0.00387525791302323,0,
00:00:19.416,-0.0233543533831835,-0.00179308408405632,0.00339277507737279,0,
00:00:19.42,0.00571568496525288,0.00333274784497917,0.00330708222463727,0,
00:00:19.424,0.00979408249258995,0.00256634224206209,-0.0188285708427429,0,
00:00:19.428,0.0114335203543305,-0.00178624805994332,-0.00205452693626285,0,
00:00:19.432,0.0336870662868023,0.00276131555438042,0.00770118040964007,0,
00:00:19.436,-0.0385531410574913,0.000136402130010538,0.00439135218039155,0,
00:00:19.44,-0.0378741919994354,-0.00654191663488746,0.00813779514282942,0,
00:00:19.444,0.012050517834723,-0.000876974663697183,-0.0100316181778908,0,
00:00:19.448,0.00586862862110138,0.00169241288676858,-0.00405399827286601,0,
00:00:19.452,0.0192394983023405,0.00202109036035836,0.00350630166940391,0,
00:00:19.456,0.00565340463072062,0.0011981938732788,-0.000499183253850788,0,
00:00:19.46,0.00613554241135716,0.000171651132404804,0.0114263789728284,0,
00:00:19.464,0.00605772342532873,-0.000496683118399233,-0.00145848817192018,0,
00:00:19.468,-0.0177595652639866,-0.00273795169778168,-0.0103543363511562,0,
00:00:19.472,-0.0164942443370819,0.00358602497726679,-0.00951735954731703,0,
00:00:19.476,0.007006018422544,0.00159818853717297,0.00315668433904648,0,
00:00:19.48,0.00305133732035756,-0.0033320679794997,0.0202370416373014,0,
00:00:19.484,-0.00684150634333491,-0.00245096744038165,0.0067226430401206,0,
00:00:19.488,0.0170806664973497,-0.00225687795318663,-0.0197784993797541,0,
00:00:19.492,-0.00906836707144976,0.00122514530085027,-0.0187952294945717,0,
00:00:19.496,0.00440822169184685,0.00518730143085122,0.0192049592733383,0,
00:00:19.5,-0.0035941181704402,0.00277450098656118,0.00362511887215078,0,
00:00:19.504,-0.00406802259385586,-0.000539053988177329,-0.00683496007695794,0,
00:00:19.508,0.000854197074659169,-0.00231680739670992,0.00720320828258991,0,
00:00:19.512,0.0120768398046494,0.00188645848538727,0.0131206046789885,0,
00:00:19.516,0.0080005032941699,-0.00926209148019552,-0.0108979092910886,0,
00:00:19.52,-0.0191811826080084,0.000720706186257303,-0.000512636615894735,0,
00:00:19.524,-0.0135522317141294,0.00370995816774666,-0.0111007243394852,0,
00:00:19.528,0.0226158332079649,0.00500397244468331,-0.00713983410969377,0,
00:00:19.532,0.00125455146189779,-0.0010266276076436,0.00477811275050044,0,
00:00:19.536,-0.0118734613060951,-0.00228392751887441,0.00394045980647206,0,
00:00:19.54,-0.0341371931135654,-0.00558811938390136,0.00760129792615771,0,
00:00:19.544,0.0578860156238079,0.00375230819918215,0.00884018372744322,0,
00:00:19.548,0.0349898785352707,0.00802335888147354,0.00448643509298563,0,
00:00:19.552,-0.0517842322587967,-0.00285067805089056,-0.0099661760032177,0,
00:00:19.556,-0.0314723402261734,-0.00864170026034117,-0.0144586293026805,0,
00:00:19.56,0.004995530936867,0.0016355337575078,-0.00891513843089342,0,
00:00:19.564,0.0168452374637127,0.00560047337785363,0.0186612792313099,0,
00:00:19.568,0.0116503275930882,0.00207344605587423,-0.00102236878592521,0,
00:00:19.572,0.00504371989518404,-0.00572576327249408,-2.03342387976591E-05,0,
00:00:19.576,0.00139669666532427,0.00107387779280543,0.00101037684362382,0,
00:00:19.58,0.00462058559060097,0.00117554853204638,0.00507716974243522,0,
00:00:19.584,-0.0197562668472528,-0.000171404739376158,-0.0017210328951478,0,
00:00:19.588,-0.00703449780121446,-0.00714933592826128,-0.00378005695529282,0,
00:00:19.592,-0.00572790624573827,0.000979874166660011,-0.00280952267348766,0,
00:00:19.596,0.0370509885251522,0.00865846313536167,-0.000808127399068326,0,
00:00:19.6,-0.0140195777639747,0.00205675954930484,0.00701547367498279,0,
00:00:19.604,-0.00710295187309384,-0.00379851646721363,-0.00659946398809552,0,
00:00:19.608,-0.0171060003340244,0.00130406545940787,0.00651082070544362,0,
00:00:19.612,0.0223915092647076,-0.00646980665624142,-0.00835268665105104,0,
00:00:19.616,-0.00314314127899706,0.0039361035451293,-0.0082034869119525,0,
00:00:19.62,0.00837288424372673,0.00281721749342978,0.00661900732666254,0,
00:00:19.624,-0.0195608884096146,-0.00671264156699181,0.019198801368475,0,
00:00:19.628,0.0221338644623756,0.00367488129995763,-0.0113953929394484,0,
00:00:19.632,0.00529983593150973,0.00704639125615358,0.00567871145904064,0,
00:00:19.636,-0.0255596488714218,-0.00833666417747736,-0.00304828630760312,0,
00:00:19.64,-0.01523806899786,-0.00553762493655086,-0.00738958921283484,0,
00:00:19.644,0.0150182349607348,-0.0013383268378675,0.00264863716438413,0,
00:00:19.648,0.0111466180533171,0.0103857833892107,-0.0110825225710869,0,
00:00:19.652,0.00737294228747487,0.00389777752570808,-0.00389919755980372,0,
00:00:19.656,2.73249042948009E-05,-0.00315904291346669,0.0175457820296288,0,
00:00:19.66,-0.00470367912203074,0.000879986502695829,0.00504107680171728,0,
00:00:19.664,-0.00123266910668463,0.000999890035018325,0.0179346110671759,0,
00:00:19.668,-0.00934177823364735,-0.00670916074886918,-0.0205788444727659,0,
00:00:19.672,-0.00186726567335427,-0.00617695366963744,-0.0133537938818336,0,
00:00:19.676,0.00680821109563112,0.000370472320355475,-0.00514399819076061,0,
00:00:19.68,-0.00844407361000776,0.00675431685522199,0.0122007727622986,0,
00:00:19.684,0.00729708326980472,0.0071277697570622,-0.000257700885413215,0,
00:00:19.688,0.0049356846138835,-0.00296359811909497,0.00379540375433862,0,
00:00:19.692,0.00577331613749266,-0.00358348106965423,-0.00228494522161782,0,
00:00:19.696,0.00748123088851571,0.00488134799525142,-0.00310013280250132,0,
00:00:19.7,-0.021468622609973,-0.00534051470458508,-0.00536564737558365,0,
00:00:19.704,-0.0102963279932737,-0.00573725160211325,0.0152647811919451,0,
00:00:19.708,0.00486101862043142,0.012754064053297,0.0141165312379599,0,
00:00:19.712,0.0152894323691726,-0.00341752194799483,-0.00298829399980605,0,
00:00:19.716,-0.00984855368733406,-0.00936714187264442,-0.0194705054163933,0,
00:00:19.72,0.0274022165685892,0.00199307221919298,-0.0170411076396704,0,
00:00:19.724,-0.0181965474039316,0.00660249823704362,0.00298388372175395,0,
00:00:19.728,-0.0206580962985754,-0.00117705331649631,0.012278338894248,0,
00:00:19.732,0.0201629959046841,0.0006761543918401,0.00265811965800822,0,
00:00:19.736,-0.00284566194750369,0.00222918135114014,-0.00636315625160933,0,
00:00:19.74,-0.000686486600898206,-0.0046968231908977,0.00789044052362442,0,
00:00:19.744,-0.00257784756831825,0.00148788210935891,0.0200421884655952,0,
00:00:19.748,-0.00474616698920727,-0.0032527637667954,0.000435209076385945,0,
00:00:19.752,0.00109074264764786,-0.00299292802810669,-0.0248586777597666,0,
00:00:19.756,0.0111248604953289,0.00787019450217485,-0.00386668206192553,0,
00:00:19.76,0.00910193752497435,0.0064379028044641,-0.00179881777148694,0,
00:00:19.764,-0.0107457274571061,-0.00529708573594689,0.00468697631731629,0,
00:00:19.768,-0.00738082733005285,-0.00577679509297013,0.00485865771770477,0,
00:00:19.772,-0.00212541106157005,-0.00430348142981529,-0.00372981582768261,0,
00:00:19.776,0.00378534384071827,0.0051351091824472,0.00184586504474282,0,
00:00:19.78,0.00108104152604938,9.18914229259826E-05,0.00760766677558422,0,
00:00:19.784,-0.00337270670570433,0.00265439506620169,-0.00175322976429015,0,
00:00:19.788,0.00679667806252837,0.00362526625394821,-0.00736445654183626,0,
00:00:19.792,0.0080267982557416,-0.00637026503682137,0.0125352563336492,0,
00:00:19.796,-0.0050846035592258,0.00102104141842574,-0.00464827148243785,0,
00:00:19.8,-0.0194368083029985,0.00385650084353983,-0.0049276533536613,0,
00:00:19.804,-0.000154652370838448,-0.00359419058077037,-0.0094368364661932,0,
00:00:19.808,0.0242189355194569,0.00170303403865546,0.0155943669378757,0,
00:00:19.812,6.79307122481987E-05,-0.00361499516293406,-0.014117069542408,0,
00:00:19.816,-0.0067402352578938,0.00274461251683533,-0.00832764245569706,0,
00:00:19.82,0.0029626723844558,-0.000444554985733703,0.0182350650429726,0,
00:00:19.824,-0.00956258270889521,-0.00279104639776051,0.029212212190032,0,
00:00:19.828,-0.0012664106907323,0.00395246921107173,-0.0240710284560919,0,
00:00:19.832,-0.00460978783667088,7.27982260286808E-05,-0.0233959965407848,0,
00:00:19.836,0.00577531615272164,-0.00717998994514346,0.000258791464148089,0,
00:00:19.84,0.00813400745391846,0.0135279232636094,0.0230154804885387,0,
00:00:19.844,0.000508865748997778,-0.00312034925445914,0.017001423984766,0,
00:00:19.848,-0.0129644433036447,-0.00994960311800241,-0.0250384639948606,0,
00:00:19.852,0.0133986128494143,-0.00102766742929816,-0.0168845485895872,0,
00:00:19.856,0.00290750502608716,0.00576977571472526,0.00727069983258843,0,
00:00:19.86,-0.0102505441755056,0.00841322541236877,0.0137822311371565,0,
00:00:19.864,0.00452063418924809,-0.00326589890755713,0.00285053788684309,0,
00:00:19.868,-0.00871408078819513,-0.00715648289769888,-0.00540529331192374,0,
00:00:19.872,0.00278482283465564,-0.00074536120519042,0.0121861230581999,0,
00:00:19.876,-0.000344329368090257,0.00176334439311177,-0.00618269247934222,0,
00:00:19.88,-0.000793215585872531,-0.000184641568921506,-0.00857680384069681,0,
00:00:19.884,0.00233579543419182,0.0050363689661026,-0.00423792423680425,0,
00:00:19.888,0.0222156811505556,-0.00447183568030596,-0.00140235130675137,0,
00:00:19.892,-0.0216442458331585,0.00609669229015708,-0.00303969485685229,0,
00:00:19.896,-0.00236500124447048,-0.00229557207785547,0.0232307333499193,0,
00:00:19.9,0.00435152789577842,-0.00556271569803357,-0.00547685660421848,0,
00:00:19.904,-0.0128185693174601,0.00441980361938477,-0.00222823699004948,0,
00:00:19.908,0.00824318267405033,-0.00613371003419161,-0.000809547258540988,0,
00:00:19.912,0.0193012282252312,0.00430611800402403,-0.00697446893900633,0,
00:00:19.916,-0.0111577706411481,0.00147476512938738,-0.0055146012455225,0,
00:00:19.92,-0.00667511532083154,-0.00198818929493427,0.0115882903337479,0,
00:00:19.924,-0.0102431643754244,0.00153973244596273,-0.0171235520392656,0,
00:00:19.928,0.0153284594416618,0.00325112161226571,0.0149126900359988,0,
00:00:19.932,0.00707102101296186,-0.00415345281362534,0.015832245349884,0,
00:00:19.936,-0.00842849351465702,-0.000574547564610839,-0.0120351742953062,0,
00:00:19.94,-0.00241530127823353,0.00051080493722111,-0.01290412992239,0,
00:00:19.944,-0.00874340534210205,0.00257814582437277,0.0103090880438685,0,
00:00:19.948,-0.000229588215006515,-0.00178969139233232,0.00432120310142636,0,
00:00:19.952,0.0252321343868971,-0.00171171640977263,-0.0103443888947368,0,
00:00:19.956,-0.0104609709233046,-0.00241162185557187,-0.00277641625143588,0,
00:00:19.96,0.0036478319671005,0.00477596232667565,0.00500962464138865,0,
00:00:19.964,-0.0136856874451041,0.00274220108985901,0.0129397120326757,0,
00:00:19.968,-0.00682006683200598,-0.0048407381400466,-0.00844059698283672,0,
00:00:19.972,0.00924029015004635,-0.000532922684215009,-0.0160787235945463,0,
00:00:19.976,0.0119971688836813,0.00311333243735135,0.00660553248599172,0,
00:00:19.98,-0.00428096670657396,-0.000941378180868924,0.02030567266047,0,
00:00:19.984,-0.0206615030765533,-0.00329039432108402,-0.000723129487596452,0,
00:00:19.988,0.0193991623818874,0.00165152130648494,-0.00668490352109075,0,
00:00:19.992,0.00436107534915209,0.00206929165869951,-0.0118737826123834,0,
00:00:19.996,-0.009186084382236,0.000822183559648693,-0.00694658979773521,0,
00:00:20,0.00350518734194338,-0.00247731758281589,-0.00164726946968585,0,
00:00:20.004,0.0104261329397559,0.00104015239048749,0.0176158603280783,0,
00:00:20.008,-0.0156943742185831,-0.00331474537961185,0.010337058454752,0,
00:00:20.012,-0.0162620563060045,0.0120813166722655,-0.0137202003970742,0,
00:00:20.016,0.0240486226975918,-0.00744738895446062,0.00629705097526312,0,
00:00:20.02,-0.00294126756489277,-0.00287290895357728,-0.00380596239119768,0,
00:00:20.024,-0.0298380255699158,-0.00303676351904869,-0.00035365906660445,0,
00:00:20.028,0.06281678378582,-4.41004485765006E-05,-0.00566293578594923,0,
00:00:20.032,-0.00658367900177836,8.39710555737838E-05,-0.0106041431427002,0,
00:00:20.036,-0.033820740878582,0.00240701087750494,0.0159180350601673,0,
00:00:20.04,-0.0186035055667162,0.00721701001748443,0.00416126707568765,0,
00:00:20.044,0.00868435390293598,0.00419425871223211,-0.00343573908321559,0,
00:00:20.048,0.00777488155290484,-0.0111315231770277,0.00537669658660889,0,
00:00:20.052,0.0126623008400202,-0.00028740256675519,-0.00848380289971828,0,
00:00:20.056,0.0104835378006101,-0.000588997616432607,-0.005607760977,0,
00:00:20.06,-0.00313434121198952,0.00251546129584312,-0.00780844036489725,0,
00:00:20.064,-0.0168451108038425,-0.000824722461402416,0.022275710478425,0,
00:00:20.068,-0.00766683835536242,-0.000517968204803765,0.00484584644436836,0,
00:00:20.072,0.0156390182673931,-0.00372362416237593,-0.00741116236895323,0,
00:00:20.076,0.00432708580046892,0.00688045937567949,0.00473053054884076,0,
00:00:20.08,0.00118855258915573,0.00404909858480096,-0.0193933080881834,0,
00:00:20.084,-0.0171981304883957,-0.00514770532026887,-0.00920751690864563,0,
00:00:20.088,-0.00495459605008364,-0.00174932996742427,0.00908027216792107,0,
00:00:20.092,0.0135833593085408,0.00193246512208134,-0.000996563816443086,0,
00:00:20.096,0.00465435488149524,-0.00153217627666891,0.0284786242991686,0,
00:00:20.1,-0.00256523280404508,-0.00323702162131667,0.00621475046500564,0,
00:00:20.104,0.00368099473416805,0.00208519282750785,-0.0167873483151197,0,
00:00:20.108,-0.00663997232913971,0.00670411437749863,-0.0192677564918995,0,
00:00:20.112,-0.00224311975762248,-0.00489350082352757,-0.00328513421118259,0,
00:00:20.116,0.00462522031739354,-0.00163155398331583,0.00857703108340502,0,
00:00:20.12,-0.00660493178293109,0.000262801244389266,0.00660280743613839,0,
00:00:20.124,-0.0104742459952831,-0.0032441602088511,0.0122253354638815,0,
00:00:20.128,0.0278362911194563,0.00884468201547861,-0.013187519274652,0,
00:00:20.132,0.00618484150618315,0.00167934049386531,0.00225011422298849,0,
00:00:20.136,-0.0189400725066662,-0.00504412269219756,0.0106086982414126,0,
00:00:20.14,-0.0104221804067492,-0.00400193547829986,-0.0109479483217001,0,
00:00:20.144,0.000178119269548915,-0.000833821424748749,-0.00525507098063827,0,
00:00:20.148,0.00392638659104705,-0.00265670893713832,-0.0158087927848101,0,
00:00:20.152,0.0103571638464928,0.0102329105138779,0.0067728073336184,0,
00:00:20.156,-0.0156409330666065,0.0008193344110623,0.0237134117633104,0,
00:00:20.16,0.0474201031029224,-0.00253118574619293,0.00366513361223042,0,
00:00:20.164,-0.00762385688722134,-0.00248899054713547,-0.00802855379879475,0,
00:00:20.168,-0.0356008559465408,0.00300862942822278,-0.00968512613326311,0,
00:00:20.172,-0.0217958875000477,-0.00172024290077388,0.00714774057269096,0,
00:00:20.176,0.0024856966920197,-0.0106791658326983,-0.00334608554840088,0,
00:00:20.18,0.0225349850952625,0.00265701254829764,-0.00993329752236605,0,
00:00:20.184,0.0188375003635883,0.0109145026654005,0.00928971823304892,0,
00:00:20.188,-0.00225452426820993,0.00310694007202983,0.00262798834592104,0,
00:00:20.192,-0.0116289407014847,0.00012615903688129,0.00585125247016549,0,
00:00:20.196,0.000406599196139723,-0.00972850807011127,-0.0133387641981244,0,
00:00:20.2,0.00555164739489555,0.00159137893933803,-0.00405436521396041,0,
00:00:20.204,-0.0127094341441989,0.000109388682176359,0.010115503333509,0,
00:00:20.208,0.00503038056194782,0.00211918470449746,0.00245007919147611,0,
00:00:20.212,0.00894163083285093,-0.00163744739256799,-0.000497240456752479,0,
00:00:20.216,-0.00785164535045624,-0.0011538474354893,0.00291759148240089,0,
00:00:20.22,4.28576131525915E-05,-0.00185553741175681,0.00747721409425139,0,
00:00:20.224,-0.0164813157171011,0.00506712635979056,-0.0156783405691385,0,
00:00:20.228,0.0148859973996878,0.000655102310702205,-0.0165534038096666,0,
00:00:20.232,0.0224750824272633,-0.00306322006508708,0.0045860749669373,0,
00:00:20.236,-0.023341178894043,0.00503093842417002,0.026629950851202,0,
00:00:20.24,-0.00688782893121243,-0.00496532022953033,-0.00214945874176919,0,
00:00:20.244,0.00506584253162146,-0.00116209872066975,-0.00616591330617666,0,
00:00:20.248,0.00599170383065939,0.000725493708159775,-0.000893620424903929,0,
00:00:20.252,0.00270322966389358,0.00115467165596783,-0.0122689101845026,0,
00:00:20.256,-0.000627440400421619,-0.00130219617858529,-0.0031177734490484,0,
00:00:20.26,0.00190862000454217,0.00215395144186914,0.0204745605587959,0,
00:00:20.264,-0.0164422392845154,0.00554265780374408,0.00913932640105486,0,
00:00:20.268,0.0221552532166243,-0.00416340259835124,-0.0239642579108477,0,
00:00:20.272,-0.0140925254672766,-0.00650097010657191,-0.00382312014698982,0,
00:00:20.276,-0.00806060433387756,0.000480484566651285,0.0075481585226953,0,
00:00:20.28,0.0102623738348484,0.000667022191919386,0.0150035917758942,0,
00:00:20.284,-0.000910252972971648,0.00839767605066299,-0.00583812082186341,0,
00:00:20.288,0.00384404161013663,-0.00355255138128996,-0.0103491861373186,0,
00:00:20.292,0.0041112657636404,0.000548465526662767,-0.0121558709070086,0,
00:00:20.296,-0.00279775960370898,-0.0024568832013756,0.0249813366681337,0,
00:00:20.3,0.00227928697131574,-0.00162517395801842,-0.00849677436053753,0,
00:00:20.304,-0.018604313954711,-0.00205856189131737,0.0052403868176043,0,
00:00:20.308,0.00270554423332214,0.000933447910938412,-0.00643956661224365,0,
00:00:20.312,0.0128980800509453,0.00683120358735323,-0.00371930375695229,0,
00:00:20.316,0.000353092444129288,0.000498194945976138,0.0115366289392114,0,
00:00:20.32,-0.0122381327673793,-0.00640811352059245,0.00814686249941587,0,
00:00:20.324,0.0421386957168579,0.00778441410511732,-0.0149252926930785,0,
00:00:20.328,-0.0274911373853683,-0.00597428251057863,-0.0132276108488441,0,
00:00:20.332,-0.0231500267982483,-0.00259356154128909,-0.0030540197622031,0,
00:00:20.336,0.0170371197164059,0.0022464725188911,0.00120409368537366,0,
00:00:20.34,-0.0138720609247684,-0.000472687446745113,0.0308435708284378,0,
00:00:20.344,0.0149708986282349,-0.000121040298836306,0.00634409114718437,0,
00:00:20.348,-5.76838247070555E-05,-0.00142965733539313,-0.0175584014505148,0,
00:00:20.352,-0.00134904333390296,0.00285610067658126,-0.0112216277047992,0,
00:00:20.356,0.00258026132360101,0.000147962171467952,-0.000124046477139927,0,
00:00:20.36,0.00367775070481002,0.00224319682456553,0.00791572779417038,0,
00:00:20.364,-0.012797212228179,0.000518084794748575,-0.00040404440369457,0,
00:00:20.368,-0.00172991259023547,0.000820992339868099,0.000504356226883829,0,
00:00:20.372,0.0267155896872282,0.000387418927857652,-0.00446747941896319,0,
00:00:20.376,-0.00240585184656084,-0.00891164038330317,-0.00521122803911567,0,
00:00:20.38,-0.0143611142411828,-0.00178770825732499,0.0104560004547238,0,
00:00:20.384,-0.00593080790713429,0.00464330380782485,0.0108477957546711,0,
00:00:20.388,-0.0139324860647321,-0.0004472840228118,-0.00675367377698421,0,
00:00:20.392,0.00467661628499627,-0.00139034900348634,-0.01041563693434,0,
00:00:20.396,0.026263453066349,0.00807167124003172,-0.00178562174551189,0,
00:00:20.4,-0.00229980098083615,0.00360283046029508,-0.0036417581140995,0,
00:00:20.404,-0.0102247036993504,-0.00436367560178041,0.0176296103745699,0,
00:00:20.408,0.00322526693344116,-0.00492393225431442,-0.00287301698699594,0,
00:00:20.412,-0.00888043269515038,-0.00236886763013899,-0.00568110635504127,0,
00:00:20.416,0.00345999607816339,-0.00382384634576738,0.0037764348089695,0,
00:00:20.42,0.00863124895840883,0.0057068089954555,-0.00712823169305921,0,
00:00:20.424,-0.00644437689334154,0.00714849540963769,-0.00486582377925515,0,
00:00:20.428,0.0100673409178853,0.00352800637483597,0.0193191543221474,0,
00:00:20.432,-0.00895406678318977,-0.00719782337546349,-0.0115099148824811,0,
00:00:20.436,-0.0119255604222417,-0.0101726856082678,0.0106251416727901,0,
00:00:20.44,-0.034499354660511,0.00461720442399383,-0.0180837623775005,0,
00:00:20.444,0.0861931443214417,0.00133953057229519,0.00864215940237045,0,
00:00:20.448,-0.00261706300079823,0.00383452419191599,0.0151709830388427,0,
00:00:20.452,-0.0504561401903629,-3.91757021134254E-05,-0.0294503476470709,0,
00:00:20.456,0.00251074880361557,0.00367638631723821,-0.000244751863647252,0,
00:00:20.46,-0.000432240311056376,-0.00410372018814087,0.0167293213307858,0,
00:00:20.464,0.00102320918813348,0.000893498247023672,0.00760240387171507,0,
00:00:20.468,0.00319752190262079,-0.000184558419277892,-0.00740100257098675,0,
00:00:20.472,0.0164511166512966,-0.0015671452274546,0.00264176540076733,0,
00:00:20.476,-0.00454572588205338,-0.00578228617087007,-0.00212142360396683,0,
00:00:20.48,-0.00195548334158957,-0.000917002966161817,-0.00977567117661238,0,
00:00:20.484,-0.00394018832594156,0.0054936739616096,-0.00269673555158079,0,
00:00:20.488,0.00226214644499123,0.00239686761051416,0.00839717499911785,0,
00:00:20.492,-0.00564695196226239,0.00521437777206302,0.0106464559212327,0,
00:00:20.496,0.00635032076388597,-0.00384464953094721,-0.0027835366781801,0,
00:00:20.5,0.00701526273041964,0.000279107014648616,-0.00800598040223122,0,
00:00:20.504,-0.0207242053002119,0.00103815889451653,-0.0102756042033434,0,
00:00:20.508,-0.00191668909974396,-0.010385456494987,0.0129505004733801,0,
00:00:20.512,0.022289976477623,0.000372645765310153,-0.00196005939505994,0,
00:00:20.516,-0.00739023322239518,0.00613619666546583,0.019117446616292,0,
00:00:20.52,0.00523542379960418,-0.000531241472344846,-0.0183961186558008,0,
00:00:20.524,-0.0160934347659349,-0.000351715221768245,-0.005555200856179,0,
00:00:20.528,0.00264446227811277,-0.00121722265612334,0.00450634304434061,0,
00:00:20.532,0.0172935407608747,0.00730964820832014,-0.00367633928544819,0,
00:00:20.536,-0.00348588149063289,0.0045549888163805,-0.00737561145797372,0,
00:00:20.54,-0.00366643280722201,-0.00711425952613354,0.0166781190782785,0,
00:00:20.544,-0.0252711623907089,-0.0108551410958171,-0.00554095907136798,0,
00:00:20.548,0.0101803615689278,0.00177191011607647,-0.0079146483913064,0,
00:00:20.552,0.0296994708478451,0.0112287914380431,0.0142411282286048,0,
00:00:20.556,0.00203803065232933,-0.00650118524208665,0.0185348689556122,0,
00:00:20.56,-0.0143227623775601,0.00203028228133917,-0.0186348333954811,0,
00:00:20.564,-0.0215736944228411,-0.0022999991197139,-0.0144565645605326,0,
00:00:20.568,-0.00974929891526699,0.00159018475096673,-0.00549782207235694,0,
00:00:20.572,0.0207433141767979,0.00163496751338243,0.0107975387945771,0,
00:00:20.576,0.0122400531545281,0.000429099018219858,0.00470386864617467,0,
00:00:20.58,0.000762339332140982,-0.000585205678362399,0.00603258237242699,0,
00:00:20.584,0.00275955209508538,0.00115660659503192,0.010790198110044,0,
00:00:20.588,0.000715300615411252,-0.00473565887659788,-0.028265068307519,0,
00:00:20.592,-0.0295419413596392,-0.00404199445620179,-0.00309401610866189,0,
00:00:20.596,0.00457698339596391,0.0138791836798191,0.030535165220499,0,
00:00:20.6,0.0120871961116791,-0.00327139254659414,-0.0196391697973013,0,
00:00:20.604,0.00557522103190422,-0.00989325158298016,-0.00590838678181171,0,
00:00:20.608,0.00700844870880246,-0.000772421306464821,0.00270063057541847,0,
00:00:20.612,0.00256361486390233,0.00602439697831869,0.00117813609540462,0,
00:00:20.616,-0.0214923806488514,0.0064528826624155,0.0120086865499616,0,
00:00:20.62,-0.00455715227872133,-0.00340655888430774,0.0004104025720153,0,
00:00:20.624,0.00434736860916018,0.000483096810057759,4.72380415885709E-05,0,
00:00:20.628,0.00429590931162238,-0.00301103829406202,-0.0142517518252134,0,
00:00:20.632,5.72307435504626E-05,-0.00434536533430219,0.000596282305195928,0,
00:00:20.636,0.012812971137464,0.00369857531040907,0.00461943494156003,0,
00:00:20.64,-0.0022072521969676,-0.00137065630406141,0.00135840091388673,0,
00:00:20.644,0.0107988379895687,-0.00224422127939761,-0.00338223157450557,0,
00:00:20.648,-0.0219184216111898,0.0138481985777617,0.0127879027277231,0,
00:00:20.652,-0.01630649715662,-0.00642357207834721,-0.00448544090613723,0,
00:00:20.656,0.00740386405959725,-0.00702642742544413,-0.00442910101264715,0,
00:00:20.66,0.0141725847497582,0.00234151002950966,-0.0048906453885138,0,
00:00:20.664,0.00137053721118718,-0.00156676885671914,0.0116279935464263,0,
00:00:20.668,0.00332688773050904,0.000280860462225974,-0.0198673363775015,0,
00:00:20.672,0.00402589701116085,0.00829408224672079,0.0135238049551845,0,
00:00:20.676,-0.00905358046293259,0.000407578219892457,0.00553494459018111,0,
00:00:20.68,-0.0110828522592783,-0.0077876322902739,-0.00573702156543732,0,
00:00:20.684,0.0153666520491242,-0.00194706092588603,-0.0108239371329546,0,
00:00:20.688,-0.0117708630859852,0.00127841532230377,0.00962662417441607,0,
00:00:20.692,0.0106835747137666,0.00213352311402559,-0.00500303879380226,0,
00:00:20.696,-0.0114542674273252,0.00359353353269398,0.00997515395283699,0,
00:00:20.7,-0.0149333886802197,-0.00361496233381331,0.013695782981813,0,
00:00:20.704,0.048159021884203,0.00408386113122106,-0.0100304018706083,0,
00:00:20.708,-0.00253575318492949,-0.00320367165841162,-0.0248524807393551,0,
00:00:20.712,-0.0314167030155659,-0.0028552133589983,-0.00227345363236964,0,
00:00:20.716,-0.0283386372029781,-0.00250407075509429,0.0356159172952175,0,
00:00:20.72,0.0433829240500927,0.00331225851550698,-0.00948282331228256,0,
00:00:20.724,0.0130222886800766,0.00750882457941771,-0.0108754076063633,0,
00:00:20.728,-0.0214448515325785,-0.00890898052603006,-0.0057060313411057,0,
00:00:20.732,-0.0219324864447117,0.00197932356968522,0.00453541427850723,0,
00:00:20.736,0.0364109352231026,0.00514411507174373,0.0125389583408833,0,
00:00:20.74,0.00930206477642059,-0.00314360065385699,0.00184425292536616,0,
00:00:20.744,-0.0291313417255878,0.00133860867936164,-0.0108646927401423,0,
00:00:20.748,-0.0101391887292266,-0.00223429850302637,-0.00190768542233855,0,
00:00:20.752,0.00423161871731281,-0.00187609635759145,-0.000711617933120579,0,
00:00:20.756,0.0157784875482321,0.00173344532959163,-0.000460610492154956,0,
00:00:20.76,0.00382333132438362,-0.00114566518459469,0.0106840571388602,0,
00:00:20.764,-0.00827965885400772,-0.00256156898103654,-0.000405657890951261,0,
00:00:20.768,0.00854452885687351,0.000542107503861189,-1.75852710526669E-05,0,
00:00:20.772,-0.0140772061422467,0.0047036362811923,-0.00332327908836305,0,
00:00:20.776,0.0169460736215115,0.0067830472253263,-0.00642350735142827,0,
00:00:20.78,-0.0146158961579204,-0.00231037405319512,-0.0111490152776241,0,
00:00:20.784,0.00143819337245077,-0.00738921063020825,-0.00322591466829181,0,
00:00:20.788,-0.00276461848989129,-0.00411707861348987,0.0238682124763727,0,
00:00:20.792,0.000854170997627079,-0.003752326592803,0.0116671295836568,0,
00:00:20.796,0.0161187872290611,0.00687382696196437,-0.00451097916811705,0,
00:00:20.8,-0.00204478693194687,0.0104398252442479,-0.00540104415267706,0,
00:00:20.804,0.00452054059132934,0.00425515789538622,-0.0196029487997293,0,
00:00:20.808,-0.0388237610459328,-0.0170938894152641,0.00209111557342112,0,
00:00:20.812,-0.00231618597172201,-0.00445204274728894,0.0118465190753341,0,
00:00:20.816,0.0248997397720814,0.00771218398585916,0.0140911657363176,0,
00:00:20.82,0.0201463289558887,0.00175892189145088,-0.0157221145927906,0,
00:00:20.824,0.0090866181999445,0.00062093511223793,-0.00972435809671879,0,
00:00:20.828,-0.0236140489578247,0.00465293321758509,-0.000179046095581725,0,
00:00:20.832,-0.00903064478188753,-0.00578233925625682,-0.00491684023290873,0,
00:00:20.836,-0.00376193784177303,0.00474936747923493,0.026235306635499,0,
00:00:20.84,-0.000367632805136964,-0.000972072943113744,0.00581461610272527,0,
00:00:20.844,0.00844654347747564,-0.00342086236923933,-0.00909603945910931,0,
00:00:20.848,0.00376994954422116,-0.00489096995443106,-0.0164696723222733,0,
00:00:20.852,-0.00347509374842048,-0.00302835158072412,-0.00758541421964765,0,
00:00:20.856,0.00297442032024264,0.000256241444731131,0.00691290432587266,0,
00:00:20.86,-0.000199781425180845,0.0110291503369808,0.0205938685685396,0,
00:00:20.864,0.00957906153053045,0.00793997757136822,0.000776537577621639,0,
00:00:20.868,-0.00628635380417109,-0.0076014120131731,-0.0091732544824481,0,
00:00:20.872,-0.0165370479226112,-0.00291650579310954,-0.0029417120385915,0,
00:00:20.876,-0.00439604092389345,-0.00174421316478401,-0.00368952052667737,0,
00:00:20.88,0.0215001385658979,-0.00519445026293397,-0.003192029427737,0,
00:00:20.884,0.000586066918913275,-0.000405731028877199,0.00331455678679049,0,
00:00:20.888,-0.00852348282933235,0.00360371265560389,-0.00643714610487223,0,
00:00:20.892,0.00924147572368383,0.0105217704549432,0.0222891252487898,0,
00:00:20.896,-0.00510801002383232,0.00075156451202929,-0.00589840998873115,0,
00:00:20.9,0.0052094915881753,-0.0045873299241066,0.0015904069878161,0,
00:00:20.904,-0.0193107053637505,-0.01132589019835,-0.0132582178339362,0,
00:00:20.908,0.0120606049895287,-0.00516957836225629,0.00180236308369786,0,
00:00:20.912,-0.0138598345220089,0.0128095876425505,0.00107093341648579,0,
00:00:20.916,0.0207838360220194,0.0108963446691632,-0.0117090595886111,0,
00:00:20.92,0.00742759928107262,-0.00382598140276968,0.02701760455966,0,
00:00:20.924,-0.0168153345584869,-0.00889926590025425,-0.011749628931284,0,
00:00:20.928,0.00525094522163272,-0.00226783379912376,-0.010478881187737,0,
00:00:20.932,-0.00709342630580068,0.00524090323597193,0.0166295859962702,0,
00:00:20.936,0.00110350188333541,-0.00400171056389809,-0.0154333226382732,0,
00:00:20.94,0.000889984483364969,-0.00184604770038277,0.0162134077399969,0,
00:00:20.944,0.00392789673060179,0.00176084158010781,-0.00285178259946406,0,
00:00:20.948,-0.00217468501068652,0.00733725912868977,-0.0126046054065228,0,
00:00:20.952,0.00754411146044731,0.000490138889290392,0.00453035067766905,0,
00:00:20.956,-0.00249458546750247,-0.000509919598698616,-0.00300811021588743,0,
00:00:20.96,-0.0066928630694747,-0.00681705120950937,0.00921992305666208,0,
00:00:20.964,-0.000850176089443266,-0.00115284242201596,0.0109488302841783,0,
00:00:20.968,-0.000663074490148574,0.0014274277491495,-0.0203373990952969,0,
00:00:20.972,0.011905568651855,0.00393199734389782,-0.00231978017836809,0,
00:00:20.976,-0.0136151621118188,-0.00288220797665417,0.00892132334411144,0,
00:00:20.98,0.0037466783542186,0.00472912611439824,0.0134955076500773,0,
00:00:20.984,0.00271377712488174,-0.00494946399703622,-0.0107576614245772,0,
00:00:20.988,0.00304376683197916,0.0012121619656682,-0.016772324219346,0,
00:00:20.992,-0.00649363361299038,-0.00092761218547821,-0.00308259786106646,0,
00:00:20.996,0.00348030892200768,-0.00447649275884032,0.0185338854789734,0,
00:00:21,0.00450690323486924,0.00451793055981398,0.00702608469873667,0,
00:00:21.004,-0.0130386501550674,0.00831070821732283,0.00288697239011526,0,
00:00:21.008,0.0080089820548892,-0.000905225111637264,-0.0128771094605327,0,
00:00:21.012,0.00404823338612914,-0.0109605453908443,-0.00165251654107124,0,
00:00:21.016,-0.00687498413026333,-0.00242191017605364,-0.0115469275042415,0,
00:00:21.02,0.0030510660726577,0.00719596445560455,0.0229054670780897,0,
00:00:21.024,-0.00180867244489491,0.00451670819893479,-0.00406321417540312,0,
00:00:21.028,-0.00070616282755509,-0.00445312960073352,-0.00950848683714867,0,
00:00:21.032,0.00725304614752531,0.00303921266458929,-0.00500558502972126,0,
00:00:21.036,-0.00849281996488571,-0.00789565779268742,0.0238973312079906,0,
00:00:21.04,0.00837024953216314,-0.000940715370234102,-0.00478044245392084,0,
00:00:21.044,-0.00296000530943275,0.0114279864355922,-0.0170306675136089,0,
00:00:21.048,-0.00832187570631504,-0.00219425675459206,-0.0067236153408885,0,
00:00:21.052,0.00230010552331805,-0.00863271579146385,0.00655543338507414,0,
00:00:21.056,0.00624151015654206,0.00165106658823788,0.0214187130331993,0,
00:00:21.06,-0.00380015629343688,0.00568103091791272,-0.0106577547267079,0,
00:00:21.064,0.0126766990870237,5.46629817108624E-05,-0.00959820859134197,0,
00:00:21.068,-0.0164235904812813,-0.00377108785323799,0.00756089296191931,0,
00:00:21.072,-0.00266320677474141,0.000553857360500842,0.00124825467355549,0,
00:00:21.076,0.00822746008634567,0.00322318309918046,0.00328257097862661,0,
00:00:21.08,0.00723839411512017,-0.00152714259456843,0.0095290495082736,0,
00:00:21.084,-0.00855037942528725,-0.00398310460150242,-0.019757954403758,0,
00:00:21.088,-0.00537591800093651,0.0012542731128633,-0.0182544812560081,0,
00:00:21.092,0.00931617524474859,0.0041343835182488,0.0164000913500786,0,
00:00:21.096,0.000583379878662527,-0.000908256624825299,0.00898490007966757,0,
00:00:21.1,-0.000361799786332995,0.000333894102368504,0.00557879684492946,0,
00:00:21.104,-0.00627299631014466,-0.00495239486917853,0.00181204895488918,0,
00:00:21.108,-0.00257461820729077,-0.00371137820184231,-0.00791992619633675,0,
00:00:21.112,0.014222894795239,0.0102028548717499,0.000227632728638127,0,
00:00:21.116,-0.0187275409698486,0.000982540543191135,-0.00709729176014662,0,
00:00:21.12,0.00275536207482219,0.00172716286033392,0.00144079281017184,0,
00:00:21.124,0.0142397386953235,-0.0126334587112069,0.00271355407312512,0,
00:00:21.128,0.00341620435938239,0.00565414177253842,-0.00475416099652648,0,
00:00:21.132,-7.63900461606681E-05,0.000783800613135099,0.00600774493068457,0,
00:00:21.136,-0.0185030605643988,0.00183725683018565,0.00223805056884885,0,
00:00:21.14,-0.0037505270447582,-0.00612301519140601,0.00604850379750133,0,
00:00:21.144,0.00512869330123067,0.00262456829659641,-0.0133906938135624,0,
00:00:21.148,0.00917312130331993,0.00553308706730604,0.00598193844780326,0,
00:00:21.152,0.00469459546729922,-0.00476010842248797,-0.00431311503052711,0,
00:00:21.156,-0.000695991038810462,0.00367630715481937,1.04011460280162E-05,0,
00:00:21.16,-0.00149425596464425,-0.000476466695545241,-0.000121516197395977,0,
00:00:21.164,-0.00761676393449306,-0.00182116276118904,0.00387259037233889,0,
00:00:21.168,-0.00155812117736787,-0.00142538663931191,-0.00372218596749008,0,
00:00:21.172,0.00145616242662072,0.00165331119205803,-0.000322978070471436,0,
00:00:21.176,0.00424118526279926,-0.00365343783050776,0.0216946341097355,0,
00:00:21.18,-0.00043781244312413,0.00312626315280795,-0.00613123457878828,0,
00:00:21.184,-0.00321207288652658,-0.0019922552164644,-0.0190661512315273,0,
00:00:21.188,0.00358082726597786,0.00369110214523971,-0.00866952817887068,0,
00:00:21.192,0.00197095493786037,-0.000373116694390774,0.00762727856636047,0,
00:00:21.196,-0.00501342583447695,-0.00122987851500511,0.0174803398549557,0,
00:00:21.2,0.012158777564764,-0.000757448375225067,0.00087984511628747,0,
00:00:21.204,-0.0229115765541792,-0.00421592919155955,-0.0170559324324131,0,
00:00:21.208,-0.00293154479004443,0.00845223572105169,-0.00520280096679926,0,
00:00:21.212,0.0214575789868832,0.00388984894379973,0.00876368395984173,0,
00:00:21.216,0.00283972639590502,-0.0087224505841732,0.0161486100405455,0,
00:00:21.22,0.000232350808801129,-0.00333230849355459,-0.00772062037140131,0,
00:00:21.224,-0.00626094313338399,0.000790678022895008,-0.00480251340195537,0,
00:00:21.228,-0.00347755965776742,0.000420006486820057,-0.00904576480388641,0,
00:00:21.232,-0.0103146964684129,0.00417266692966223,0.00705787679180503,0,
00:00:21.236,0.00525629753246903,0.00052804674487561,-0.000684260157868266,0,
00:00:21.24,0.0112616587430239,0.00399990333244205,0.00406325701624155,0,
00:00:21.244,-0.00252847163937986,-0.00202429224736989,-0.00446086563169956,0,
00:00:21.248,0.000307912065181881,-0.00127090967725962,0.00682331761345267,0,
00:00:21.252,-0.00942653138190508,-0.0061937621794641,-0.00982609298080206,0,
00:00:21.256,0.00779901118949056,-0.00207822537049651,0.0068711587227881,0,
00:00:21.26,0.00900162104517221,0.00642270594835281,0.00488617271184921,0,
00:00:21.264,-0.0157961528748274,0.00192609149962664,-0.000854318554047495,0,
00:00:21.268,-7.66701414249837E-05,-0.000391219567973167,0.00422403169795871,0,
00:00:21.272,-0.00656326999887824,-0.00112555571831763,-0.0200681854039431,0,
00:00:21.276,0.0146677577868104,-0.000923735380638391,-0.00660782027989626,0,
00:00:21.28,0.00471373787149787,-0.00037887750659138,0.0123129598796368,0,
00:00:21.284,-0.0017267387593165,0.00217184820212424,0.00867894105613232,0,
00:00:21.288,-0.00610518176108599,-0.00373105960898101,-0.00327600538730621,0,
00:00:21.292,0.00281011569313705,0.00271288631483912,0.00649099238216877,0,
00:00:21.296,-0.00572891440242529,-0.00242813280783594,0.00166560930665582,0,
00:00:21.3,-0.00277825142256916,0.00135480822063982,-0.0122493198141456,0,
00:00:21.304,0.00371159799396992,0.0015581427142024,0.012639319524169,0,
00:00:21.308,-0.000435926980571821,-0.00156067812349647,-0.0175255183130503,0,
00:00:21.312,0.00538211315870285,-0.000535295810550451,-0.00463261129334569,0,
00:00:21.316,0.0047186235897243,0.00489446893334389,0.0218366626650095,0,
00:00:21.32,-0.00315270689316094,0.00543383182957768,-0.00570601318031549,0,
00:00:21.324,-0.000501198985148221,-0.00847615487873554,-0.00963221304118633,0,
00:00:21.328,-0.0067671830765903,-0.0130914514884353,0.00639880355447531,0,
00:00:21.332,-0.0118753602728248,0.00485661718994379,0.00274986843578517,0,
00:00:21.336,0.00891906581819057,0.00803028699010611,-0.00255876523442566,0,
00:00:21.34,0.0120791429653764,0.00252878060564399,-0.00195519393309951,0,
00:00:21.344,0.00199097814038396,0.00421689776703715,-0.00628642411902547,0,
00:00:21.348,0.000752406544052064,-0.000754804350435734,-0.00541287707164884,0,
00:00:21.352,-0.0125310132279992,-0.00631579430773854,0.0283585749566555,0,
00:00:21.356,0.00197391374967992,-0.00442901626229286,0.0156546961516142,0,
00:00:21.36,-0.00576314376667142,0.00141409179195762,-0.027722429484129,0,
00:00:21.364,0.0078679146245122,-1.57592785399174E-05,-0.021201828494668,0,
00:00:21.368,-0.0012110642855987,-0.00111894716974348,-0.00461415946483612,0,
00:00:21.372,-0.00305897276848555,0.00357819767668843,0.0141481626778841,0,
00:00:21.376,0.00495538301765919,0.000888764043338597,0.0224648900330067,0,
00:00:21.38,0.0158766973763704,0.000584172550588846,0.000458633992820978,0,
00:00:21.384,-0.0245061554014683,0.00873411260545254,-0.00384900672361255,0,
00:00:21.388,-0.00458314502611756,-0.00994592346251011,-0.013772401958704,0,
00:00:21.392,0.0163803324103355,-0.00705857761204243,-0.0174942743033171,0,
00:00:21.396,0.00619885185733438,0.0126922810450196,0.0217468794435263,0,
00:00:21.4,-0.00329995504580438,-0.00729705113917589,0.0187547281384468,0,
00:00:21.404,-0.0213626697659492,-0.00102133257314563,-0.0218137837946415,0,
00:00:21.408,0.00652748113498092,0.00145013944711536,-0.00801165029406548,0,
00:00:21.412,0.00365087389945984,-0.000453519227448851,0.00859095901250839,0,
00:00:21.416,0.014464003033936,0.0048650368116796,0.00658846646547318,0,
00:00:21.42,-0.00446398183703423,0.00376681960187852,-0.00572310527786613,0,
00:00:21.424,-0.00680140638723969,-0.0100933481007814,-0.0098534943535924,0,
00:00:21.428,-0.00110114307608455,-0.000912939838599414,-0.00146773899905384,0,
00:00:21.432,-0.00135361135471612,0.00242016278207302,0.0284779760986567,0,
00:00:21.436,0.00490036653354764,0.00239699170924723,0.0104898819699883,0,
00:00:21.44,0.000110304397821892,0.00521890306845307,-0.0245864745229483,0,
00:00:21.444,0.000665301049593836,-0.00624098116531968,-0.016070643439889,0,
00:00:21.448,0.00102057005278766,-0.00215726275928319,0.0064427936449647,0,
00:00:21.452,-0.0121484687551856,-0.00161121494602412,-0.00273204734548926,0,
00:00:21.456,-0.00134914205409586,0.00548128876835108,0.000185830547707155,0,
00:00:21.46,0.0099433297291398,-0.00120121450163424,0.0146455746144056,0,
00:00:21.464,0.0132128596305847,-0.00107785069849342,0.0142169278115034,0,
00:00:21.468,-0.00523469038307667,0.00242968159727752,-0.00772586651146412,0,
00:00:21.472,-0.00634245527908206,0.00530045991763473,-0.0201964490115643,0,
00:00:21.476,-0.00677643017843366,-0.00675737438723445,-0.00341510190628469,0,
00:00:21.48,-0.0142624126747251,-0.00495483167469502,0.0119060333818197,0,
00:00:21.484,0.0142806535586715,0.00404775375500321,0.00343830208294094,0,
00:00:21.488,0.0240686181932688,0.00105302792508155,-0.00867065135389566,0,
00:00:21.492,-0.0101006031036377,0.00209377938881516,0.00850550457835197,0,
00:00:21.496,-0.00837604515254498,-5.83240143896546E-05,0.00960522796958685,0,
00:00:21.5,-0.00443611806258559,-0.00160906370729208,-0.00945438072085381,0,
00:00:21.504,-0.00265675014816225,-0.00999210495501757,-0.00642669247463346,0,
00:00:21.508,0.00165616592857987,0.00293222744949162,-0.00388641841709614,0,
00:00:21.512,0.0100691746920347,0.0127794612199068,0.00351648195646703,0,
00:00:21.516,-0.00260127265937626,0.000715829897671938,0.000198651789105497,0,
00:00:21.52,0.000605577370151877,-0.0039302078075707,0.00419037323445082,0,
00:00:21.524,-0.00499013112857938,-0.00598331913352013,0.011480868794024,0,
00:00:21.528,-0.00224367994815111,8.70251678861678E-05,-0.00734161492437124,0,
00:00:21.532,0.00748695526272058,0.0038772807456553,0.000281209097011015,0,
00:00:21.536,-0.00112184113822877,-0.000533694867044687,-0.0127592515200377,0,
00:00:21.54,-0.00473110331222415,-0.0032267989590764,0.00345394387841225,0,
00:00:21.544,0.000604346045292914,0.00154703285079449,0.000624926935415715,0,
00:00:21.548,-0.000215163076063618,-0.000119260381325148,0.0015045334585011,0,
00:00:21.552,0.0114983459934592,0.00898236501961946,-0.001989571377635,0,
00:00:21.556,-0.00816718209534884,-0.00880646798759699,0.00979393441230059,0,
00:00:21.56,-0.00286677782423794,-0.00166726636234671,-0.00216401345096529,0,
00:00:21.564,-0.0108659146353602,0.00116625381633639,-0.00554390111938119,0,
00:00:21.568,0.00625456357374787,0.00153791857883334,0.0130093842744827,0,
00:00:21.572,0.012974863871932,0.00293316110037267,-0.00556366611272097,0,
00:00:21.576,0.00485787261277437,0.000156266745761968,-0.0207278784364462,0,
00:00:21.58,-0.00554564455524087,-0.0061081824824214,0.0139855481684208,0,
00:00:21.584,-0.00267526390962303,-0.00032837240723893,-0.00774282310158014,0,
00:00:21.588,0.00475056702271104,0.00616179639473557,0.00932052172720432,0,
00:00:21.592,-0.0339119024574757,-0.00402795942500234,0.0179641284048557,0,
00:00:21.596,0.0117568401619792,-0.00244592339731753,-0.0131780561059713,0,
00:00:21.6,0.0158823486417532,0.00519711850211024,-0.00402466999366879,0,
00:00:21.604,0.00862951390445232,-0.00334286852739751,-0.00643269810825586,0,
00:00:21.608,1.35567252073088E-05,0.00503070233389735,-0.00598601484671235,0,
00:00:21.612,-0.00291132996790111,0.00216820812784135,0.0127026215195656,0,
00:00:21.616,-0.00755518395453691,-0.00604830402880907,0.00348079460673034,0,
00:00:21.62,0.00121499120723456,0.000448403763584793,-0.00557164056226611,0,
00:00:21.624,-0.0128610543906689,0.000637554563581944,-0.00294495653361082,0,
00:00:21.628,-0.00297368667088449,-0.00661362707614899,0.00528015708550811,0,
00:00:21.632,0.0153899919241667,0.00303197465837002,-0.00726002175360918,0,
00:00:21.636,0.0101724434643984,0.00430090818554163,0.0132729345932603,0,
00:00:21.64,-0.00191372551489621,0.00211855070665479,0.00148743996396661,0,
00:00:21.644,-0.00607064319774508,0.00173728330992162,-0.015320185571909,0,
00:00:21.648,-0.00505342148244381,-0.00152888393495232,0.0125082032755017,0,
00:00:21.652,-0.00200746906921268,-0.00731595000252128,-0.0110948961228132,0,
00:00:21.656,0.000697315845172852,0.00136494892649353,0.000174685468664393,0,
00:00:21.66,0.00197109393775463,-0.00798823963850737,0.0139145189896226,0,
00:00:21.664,0.00599954649806023,0.0108882775530219,-0.0153599623590708,0,
00:00:21.668,-0.00506139872595668,0.00998656172305346,-0.00567444926127791,0,
00:00:21.672,-0.00128516356926411,-0.00187594804447144,0.00469694100320339,0,
00:00:21.676,-0.00340624013915658,-0.010588688775897,0.0269795879721642,0,
00:00:21.68,0.0113972052931786,-0.00770305283367634,0.00475696939975023,0,
00:00:21.684,0.00229532853700221,0.00924346596002579,-0.0313726179301739,0,
00:00:21.688,-0.0167096387594938,0.002250075340271,-0.0047904821112752,0,
00:00:21.692,-0.00833147950470448,-0.000442052056314424,-0.00375630473718047,0,
00:00:21.696,0.0347623787820339,-0.000954412505961955,0.00709175039082766,0,
00:00:21.7,-0.00778007367625833,-0.000597485632169992,0.0135247996076941,0,
00:00:21.704,-0.0199308879673481,-0.000108234089566395,0.00818281807005405,0,
00:00:21.708,0.00802680943161249,0.00226595369167626,-0.00833197589963675,0,
00:00:21.712,0.000969928165432066,0.000347533234162256,-0.0121107799932361,0,
00:00:21.716,-0.00453352835029364,-0.00554330553859472,0.0117659047245979,0,
00:00:21.72,0.00821105483919382,-0.00190461589954793,-0.00685726944357157,0,
00:00:21.724,-0.00211393367499113,0.0042059370316565,0.00987480953335762,0,
00:00:21.728,-0.000294530211249366,0.00358868716284633,-0.0103122778236866,0,
00:00:21.732,-0.00214294460602105,0.000920093094464391,-0.0088616069406271,0,
00:00:21.736,0.0017207203200087,-0.00118318421300501,0.00739457132294774,0,
00:00:21.74,0.00336791225709021,-0.00186415121424943,0.00549288373440504,0,
00:00:21.744,-0.00413566548377275,-0.00139198952820152,0.00035975145874545,0,
00:00:21.748,0.00563611555844545,-0.000464906508568674,-0.000351310416590422,0,
00:00:21.752,-0.00749031500890851,0.00238443026319146,0.00194192235358059,0,
00:00:21.756,-0.0024179017636925,-0.00133050233125687,3.14798780891579E-05,0,
00:00:21.76,0.0013425680808723,-0.00107012735679746,0.00654452666640282,0,
00:00:21.764,-0.00147530366666615,-0.00196621054783463,-0.0162232052534819,0,
00:00:21.768,0.0122817596420646,0.000739907671231776,-0.00607641180977225,0,
00:00:21.772,-0.00396852102130651,0.00862641353160143,0.020473551005125,0,
00:00:21.776,-0.0113227963447571,-0.00169621629174799,-0.0102448230609298,0,
00:00:21.78,0.0146774156019092,-0.00607000105082989,-0.00111386645585299,0,
00:00:21.784,-0.00154602935072035,-0.00473325327038765,0.00434568477794528,0,
00:00:21.788,-0.00532388687133789,0.00732406927272677,-0.0122134294360876,0,
00:00:21.792,-0.00131011637859046,0.0088152727112174,0.0214260425418615,0,
00:00:21.796,-0.000172144806128927,-0.00456372974440455,0.00558125460520387,0,
00:00:21.8,-0.0143563877791166,-0.013002903200686,-0.0111729465425014,0,
00:00:21.804,0.0224799662828445,0.000157994058099575,-0.0127174369990826,0,
00:00:21.808,0.00610210793092847,0.0029343101195991,-0.00807812064886093,0,
00:00:21.812,-0.0193563010543585,0.00652549788355827,0.00777740776538849,0,
00:00:21.816,0.00803137943148613,0.00564672006294131,0.0140268811956048,0,
00:00:21.82,-0.00420588627457619,-0.00232829945161939,0.00145915080793202,0,
00:00:21.824,0.00423530722036958,-0.00422256626188755,-0.0115449447184801,0,
00:00:21.828,0.00242126896046102,-0.00287809758447111,0.0106001477688551,0,
00:00:21.832,-0.00511346524581313,-0.00275951740331948,0.00283141504041851,0,
00:00:21.836,0.0055400924757123,0.00495406473055482,-0.00634247530251741,0,
00:00:21.84,-0.0131852645426989,0.0031555132009089,-0.00839252769947052,0,
00:00:21.844,0.0103623904287815,-0.00651653530076146,-0.00469015492126346,0,
00:00:21.848,0.000700118253007531,0.00376143562607467,-0.00156128103844821,0,
00:00:21.852,-0.00586380809545517,-0.00130996620282531,0.0183906927704811,0,
00:00:21.856,0.00484645180404186,-0.000594945799093693,-0.00145750259980559,0,
00:00:21.86,0.00330435973592103,0.00707097351551056,0.00405433773994446,0,
00:00:21.864,-0.00061042228480801,-0.000470828905235976,-0.00555220246315002,0,
00:00:21.868,-0.00899944081902504,-0.0122048947960138,-0.0161750931292772,0,
00:00:21.872,0.00747071718797088,0.0084628164768219,0.00744232721626759,0,
00:00:21.876,0.00398014253005385,0.00115044659469277,0.0277030598372221,0,
00:00:21.88,-0.0167192593216896,-0.00818726606667042,-0.0207797847688198,0,
00:00:21.884,-0.00133529643062502,0.00386962504126132,-0.0109071070328355,0,
00:00:21.888,0.0177338737994432,0.00203367648646235,0.00341333984397352,0,
00:00:21.892,0.00234580226242542,-0.00121566408779472,0.000946188985835761,0,
00:00:21.896,-0.00594225153326988,0.00202165823429823,-0.00391899282112718,0,
00:00:21.9,0.00171054189559072,0.00538604240864515,0.013018686324358,0,
00:00:21.904,-0.00473355920985341,-0.00428859889507294,0.00719108432531357,0,
00:00:21.908,-0.0053503243252635,-0.00865965522825718,-0.0124384230002761,0,
00:00:21.912,0.00610684091225266,0.00448722718283534,-0.00103570241481066,0,
00:00:21.916,0.0101312827318907,0.00446979468688369,0.00601764488965273,0,
00:00:21.92,-0.0231185331940651,-0.00324376160278916,-0.000596751167904586,0,
00:00:21.924,0.00174062850419432,-0.00192249345127493,-0.00940228998661041,0,
00:00:21.928,0.0179795902222395,0.00286697293631732,0.0012147716479376,0,
00:00:21.932,0.00174579850863665,0.00213531986810267,0.00609132694080472,0,
00:00:21.936,-0.00645024748519063,-0.00198346679098904,0.00503772730007768,0,
00:00:21.94,-0.000513516599312425,0.00280378479510546,-0.00493841804563999,0,
00:00:21.944,-0.00262817367911339,-0.00176506536081433,-0.0106365494430065,0,
00:00:21.948,0.00274010980501771,-0.00230952678248286,-0.0012496174313128,0,
00:00:21.952,-0.00570530304685235,-0.00110075285192579,0.0249578282237053,0,
00:00:21.956,-4.01576908188872E-05,0.000248614407610148,0.00423725135624409,0,
00:00:21.96,0.0025368386413902,-0.00111380964517593,-0.0285614114254713,0,
00:00:21.964,0.000445532175945118,0.00500655034556985,0.00320211262442172,0,
00:00:21.968,0.00526329036802053,0.000191585713764653,-0.00100549694616348,0,
00:00:21.972,-0.000503744813613594,-0.00142965710256249,0.00650122296065092,0,
00:00:21.976,-0.00033227211679332,-0.00129314966034144,-0.00554970931261778,0,
00:00:21.98,-0.00814797356724739,-0.00260090106166899,0.01073800586164,0,
00:00:21.984,0.00566806178539991,0.00213752267882228,0.00214801589027047,0,
00:00:21.988,-0.000561538501642644,0.00211789971217513,0.00640961807221174,0,
00:00:21.992,0.000760864990297705,0.00268823024816811,-0.000376138981664553,0,
00:00:21.996,-0.00642982497811317,0.00154503178782761,-0.0185362603515387,0,
00:00:22,0.00499988347291946,-0.00871376972645521,-0.0200898479670286,0,
00:00:22.004,0.00407135207206011,-0.00226412829943001,0.0146831274032593,0,
00:00:22.008,0.000227219061343931,-0.000188705045729876,0.0235631391406059,0,
00:00:22.012,-0.00642589060589671,0.0092167230322957,0.00586942909285426,0,
00:00:22.016,-0.00275093130767345,-0.00423064455389977,-0.00893811229616404,0,
00:00:22.02,0.00791756715625525,-0.000581409665755928,-0.0209188777953386,0,
00:00:22.024,-0.000379102915758267,0.00345846684649587,-0.00414057169109583,0,
00:00:22.028,-0.00421060854569077,0.00363124813884497,0.0347348190844059,0,
00:00:22.032,-0.00136949704028666,-0.00713246874511242,-0.00283907586708665,0,
00:00:22.036,0.00153477198909968,0.00431808922439814,-0.0287591796368361,0,
00:00:22.04,0.00657307123765349,-0.00261768768541515,-0.0114275859668851,0,
00:00:22.044,0.0142719931900501,-0.000691928493324667,0.0269162859767675,0,
00:00:22.048,-0.0292332470417023,-0.00473294826224446,8.35898899822496E-05,0,
00:00:22.052,0.00180494179949164,0.00141732301563025,0.00771622033789754,0,
00:00:22.056,-0.000660694669932127,0.00312050106003881,-0.00122273340821266,0,
00:00:22.06,0.0203884299844503,0.00432103872299194,-0.00774053763598204,0,
00:00:22.064,-0.011955488473177,-0.00346701149828732,-0.00965297408401966,0,
00:00:22.068,-0.00467347493395209,0.00172519381158054,0.00704097561538219,0,
00:00:22.072,-0.000574868579860777,-0.00164104497525841,0.00139655300881714,0,
00:00:22.076,0.0119970059022307,-0.00151755195111036,-0.00626197038218379,0,
00:00:22.08,0.000717405346222222,-0.00243125366978347,0.00591157097369432,0,
00:00:22.084,-0.00593031896278262,0.00253098388202488,0.00720176007598639,0,
00:00:22.088,-0.00193052587565035,0.00453944364562631,0.00708380620926619,0,
00:00:22.092,0.00594945019111037,0.000858786224853247,-0.0140614341944456,0,
00:00:22.096,-0.00767416879534721,-0.00430105719715357,-0.0100085819140077,0,
00:00:22.1,0.00165396614465863,-0.00509762391448021,-0.00246373820118606,0,
00:00:22.104,-0.00662946840748191,0.00378121016547084,0.0139066046103835,0,
00:00:22.108,0.0097984541207552,0.00120105827227235,0.00213504186831415,0,
00:00:22.112,-0.00277820555493236,-0.00169881619513035,0.000984212849289179,0,
00:00:22.116,-0.00215733284130692,0.00416523031890392,0.00513771874830127,0,
00:00:22.12,0.0050859060138464,-0.00242772349156439,-0.00597978150472045,0,
00:00:22.124,-0.00152743747457862,0.000398683128878474,-0.010843688622117,0,
00:00:22.128,0.00486392807215452,0.000467631529318169,-0.00315676629543304,0,
00:00:22.132,-0.0057936254888773,-0.000148643375723623,0.0123016480356455,0,
00:00:22.136,0.00429434888064861,-0.00260990764945745,0.000482027389807627,0,
00:00:22.14,-0.00558691425248981,0.00146838231012225,-0.00402967352420092,0,
00:00:22.144,-0.00792088825255632,-0.000666284875478596,-0.0032527269795537,0,
00:00:22.148,0.00856667011976242,0.00428711716085672,0.00159197323955595,0,
00:00:22.152,0.00436601554974914,-0.000953221053350717,0.0205658245831728,0,
00:00:22.156,-0.0102207977324724,-0.00226009008474648,-0.00641095219179988,0,
00:00:22.16,0.00782935693860054,0.000568220566492528,-0.0202751439064741,0,
00:00:22.164,0.0101650767028332,-0.00428694719448686,-0.0117662297561765,0,
00:00:22.168,-0.00632154708728194,0.000983914011158049,0.0262740775942802,0,
00:00:22.172,0.00278610503301024,0.00235017156228423,0.00650039734318852,0,
00:00:22.176,-0.0276219341903925,-0.000427181774284691,-0.00632410310208797,0,
00:00:22.18,0.0108828227967024,0.00443393224850297,-0.00489510549232364,0,
00:00:22.184,0.00560187175869942,-0.00502771139144897,-0.00920776464045048,0,
00:00:22.188,0.0130430143326521,0.00580055080354214,0.00303240772336721,0,
00:00:22.192,0.00156709062866867,-0.00646937545388937,0.00564247462898493,0,
00:00:22.196,-0.00540766585618258,0.00683530559763312,-0.000586961512453854,0,
00:00:22.2,-0.00449556345120072,-0.00417101429775357,0.0127484044060111,0,
00:00:22.204,-0.018422307446599,-0.00412519322708249,-0.00822940561920404,0,
00:00:22.208,0.0138491122052073,-0.000795141560956836,-0.020781371742487,0,
00:00:22.212,0.00759847275912762,-0.000270468590315431,0.0220803171396255,0,
00:00:22.216,-0.00300699612125754,0.00653509981930256,0.0110371336340904,0,
00:00:22.22,-0.00274075241759419,-0.00487635098397732,-0.0187048707157373,0,
00:00:22.224,0.0040457877330482,0.00692905252799392,-0.011644828133285,0,
00:00:22.228,0.00790610443800688,0.00548999011516571,0.0225528385490179,0,
00:00:22.232,-0.00753562059253454,-0.00619216030463576,-0.00864203367382288,0,
00:00:22.236,-0.0160918887704611,-0.00842856708914042,0.000536852050572634,0,
00:00:22.24,-0.000975565693806857,-0.00455301720649004,-0.00324371550232172,0,
00:00:22.244,0.0144748752936721,0.00685665756464005,-0.00283436477184296,0,
00:00:22.248,0.00946950353682041,0.0083482451736927,0.0017263739136979,0,
00:00:22.252,0.000320674764225259,0.00201942678540945,0.00199632253497839,0,
00:00:22.256,-0.0115570835769176,-0.00527462782338262,-0.0029567196033895,0,
00:00:22.26,0.00407275091856718,-0.00681898090988398,0.0252031683921814,0,
00:00:22.264,-0.00665602786466479,0.00245488528162241,0.00236030155792832,0,
00:00:22.268,0.000916438759304583,-0.00341156311333179,-0.0234025400131941,0,
00:00:22.272,0.00639005471020937,0.00668310141190887,-0.0238723866641521,0,
00:00:22.276,-0.0109490128234029,0.00203392910771072,0.0155639899894595,0,
00:00:22.28,0.00476055266335607,0.00131952471565455,0.0115599725395441,0,
00:00:22.284,-0.00256765354424715,-0.00574369076639414,-0.00397695507854223,0,
00:00:22.288,0.00977659970521927,-0.0010295573156327,0.014944976195693,0,
00:00:22.292,0.00293688802048564,0.000931207381654531,-0.00903685856610537,0,
00:00:22.296,-9.59439639700577E-05,0.00328741502016783,-0.00500329444184899,0,
00:00:22.3,-0.00384527561254799,-0.0033335133921355,-0.0104484502226114,0,
00:00:22.304,-0.00876516662538052,0.000435800000559539,-0.00669586332514882,0,
00:00:22.308,0.00527208810672164,0.00325455167330801,0.0235610362142324,0,
00:00:22.312,-0.0113414451479912,-0.0054803267121315,0.0260930694639683,0,
00:00:22.316,0.00844925362616777,0.00846924632787704,-0.0124907409772277,0,
00:00:22.32,0.00611117854714394,-0.00535720540210605,-0.037720762193203,0,
00:00:22.324,0.00191861938219517,-0.00637943902984262,-0.00788710452616215,0,
00:00:22.328,0.000779093010351062,0.00414754403755069,0.0151990866288543,0,
00:00:22.332,-0.00864766910672188,0.00663532083854079,0.0115633057430387,0,
00:00:22.336,0.00230551627464592,-0.00248477794229984,0.013170687481761,0,
00:00:22.34,0.00232468964532018,0.00130506802815944,0.008233692497015,0,
00:00:22.344,-0.00220169825479388,-0.00263514765538275,-0.0169518012553453,0,
00:00:22.348,-0.00792464893311262,-0.0023162926081568,-0.0120451571419835,0,
00:00:22.352,0.010095383040607,-0.00477031012997031,-0.00742562673985958,0,
00:00:22.356,0.00626088539138436,0.0067913974635303,0.0154595747590065,0,
00:00:22.36,-0.00130050804000348,0.00462575303390622,-0.0054400390945375,0,
00:00:22.364,-0.0114799486473203,-0.00230884086340666,0.00805393420159817,0,
00:00:22.368,-0.00717191305011511,-0.00315548479557037,-0.0040003526955843,0,
00:00:22.372,0.0108380280435085,-0.00156199093908072,-0.000259235879639164,0,
00:00:22.376,0.00584077090024948,0.000196500477613881,-0.000675616203807294,0,
00:00:22.38,-0.0100212451070547,-0.000961364712566137,0.0156607441604137,0,
00:00:22.384,0.0134278535842896,0.00101374578662217,-0.0161710549145937,0,
00:00:22.388,-0.00486485101282597,0.00628239382058382,0.00188624055590481,0,
00:00:22.392,-0.0100940270349383,-0.00223104376345873,-0.00175299483817071,0,
00:00:22.396,0.0208673533052206,0.0013851459370926,-0.00102217658422887,0,
00:00:22.4,-0.0189671032130718,-0.000726143247447908,0.00681588565930724,0,
00:00:22.404,-0.00566304195672274,-0.00868727918714285,-0.00860931817442179,0,
00:00:22.408,0.00777735747396946,0.00360202044248581,-0.00377250229939818,0,
00:00:22.412,0.00462120119482279,0.00394588708877563,0.0177481286227703,0,
00:00:22.416,0.00358732999302447,-0.00110151048284024,-0.0079218577593565,0,
00:00:22.42,-0.00471086427569389,-0.00348571524955332,-0.00714203994721174,0,
00:00:22.424,-0.00121043925173581,-0.000422492070356384,0.00604113843291998,0,
00:00:22.428,9.21725877560675E-05,0.00417304737493396,-0.00791607983410358,0,
00:00:22.432,0.00241138460114598,0.00259231356903911,0.0262350365519524,0,
00:00:22.436,-0.00178440008312464,0.00190421007573605,-0.0131960194557905,0,
00:00:22.44,-0.0037133393343538,-0.0058562383055687,-0.0159143786877394,0,
00:00:22.444,0.00585784344002604,-0.00156953674741089,-0.0054069752804935,0,
00:00:22.448,-0.00155738566536456,-0.00165942229796201,0.0252133142203093,0,
00:00:22.452,-0.00419484870508313,0.00503759505227208,0.00314799044281244,0,
00:00:22.456,0.00972695089876652,0.000463690143078566,-0.00891173165291548,0,
00:00:22.46,-0.0158548764884472,-0.00319273094646633,-0.01814323104918,0,
00:00:22.464,0.00672847032546997,0.00299347774125636,0.00952870398759842,0,
00:00:22.468,0.00547982798889279,-0.000743072596378624,0.0144103690981865,0,
00:00:22.472,0.00590390991419554,-0.00336729106493294,0.00517314951866865,0,
00:00:22.476,-0.0114045245572925,-0.00276632374152541,-0.0247814264148474,0,
00:00:22.48,0.00237939949147403,0.01616595312953,-0.00667809974402189,0,
00:00:22.484,0.00279136863537133,-0.00791900232434273,0.0195823423564434,0,
00:00:22.488,-0.00628952635452151,-0.00827672239392996,0.00950723979622126,0,
00:00:22.492,0.00817253533750772,0.000265369017142802,-0.0123265357688069,0,
00:00:22.496,-0.00301718036644161,0.00538686197251081,0.00872973445802927,0,
00:00:22.5,-0.00991494487971067,-0.00319071160629392,-0.0126768304035068,0,
00:00:22.504,0.0111520253121853,0.00144647702109069,-0.00519921211525798,0,
00:00:22.508,-0.00384757062420249,0.0109437359496951,0.000393825961509719,0,
00:00:22.512,0.00573406834155321,-0.00628647161647677,0.00346570857800543,0,
00:00:22.516,-0.00227326340973377,-0.00449611898511648,0.0226570405066013,0,
00:00:22.52,0.00106133276131004,-0.00171382923144847,-0.00257112225517631,0,
00:00:22.524,0.00305098900571465,0.000486202508909628,-0.0194268804043531,0,
00:00:22.528,-0.0314513556659222,-0.000613475625868887,-0.00533237820491195,0,
00:00:22.532,0.0182684622704983,0.0033263023942709,0.00948318932205439,0,
00:00:22.536,0.0166397299617529,0.00647379457950592,-0.000145846017403528,0,
00:00:22.54,0.00448850821703672,-0.00793993845582008,-0.00277263391762972,0,
00:00:22.544,-0.011320186778903,-0.00267047947272658,0.00478714611381292,0,
00:00:22.548,0.00199248292483389,0.00755347637459636,0.00524657545611262,0,
00:00:22.552,-0.00696087209507823,0.000871274387463927,0.00393150700256228,0,
00:00:22.556,-0.00246740086004138,-0.00694378465414047,-0.00580215128138661,0,
00:00:22.56,-0.00579036772251129,0.000812378362752497,-0.0218786764889956,0,
00:00:22.564,0.00773242674767971,-0.00454191165044904,0.001467922818847,0,
00:00:22.568,0.00265612057410181,0.00441011833027005,0.0278662834316492,0,
00:00:22.572,0.00359984464012086,0.00441843271255493,-0.00349276582710445,0,
00:00:22.576,0.000991418841294944,0.00141901487950236,-0.00670578563585877,0,
00:00:22.58,0.000612278818152845,0.00504497159272432,-0.00852635316550732,0,
00:00:22.584,-0.00433222949504852,-0.0101607954129577,0.000937628734391183,0,
00:00:22.588,0.00275457161478698,-0.00674302829429507,0.00868584495037794,0,
00:00:22.592,-0.0150909097865224,0.0024348134174943,-0.0021778866648674,0,
00:00:22.596,0.00413556862622499,0.000489014550112188,0.00215555587783456,0,
00:00:22.6,0.0161576811224222,0.00710971560329199,0.000568856718018651,0,
00:00:22.604,-0.00744777591899037,0.00607696920633316,-0.00772843323647976,0,
00:00:22.608,-0.00242791650816798,0.00149124686140567,0.00585258239880204,0,
00:00:22.612,0.00215969723649323,-0.00886662025004625,-0.00267714960500598,0,
00:00:22.616,-0.011514157988131,-0.0129386866465211,0.00460013374686241,0,
00:00:22.62,0.0130333853885531,0.00264814426191151,0.013723268173635,0,
00:00:22.624,0.00632229866459966,0.0179692078381777,-0.0247427672147751,0,
00:00:22.628,-0.00166564795654267,-0.00401060096919537,-0.00765724619850516,0,
00:00:22.632,-0.013721089810133,-0.00847401842474937,0.00680521875619888,0,
00:00:22.636,0.00310148927383125,0.00373964966274798,0.0131033016368747,0,
00:00:22.64,0.00250344816595316,0.00323289376683533,-0.0133355688303709,0,
00:00:22.644,0.00550541561096907,-0.00429190322756767,0.0192321818321943,0,
00:00:22.648,-0.00570625672116876,-0.0107038943096995,-0.00556684285402298,0,
00:00:22.652,-0.00367183261550963,0.0233043283224106,0.00536479381844401,0,
00:00:22.656,0.0111179007217288,0.00346926460042596,-0.0200756248086691,0,
00:00:22.66,-0.0171687789261341,-0.0166400112211704,0.0230635814368725,0,
00:00:22.664,0.0169612616300583,-0.0104523226618767,-0.0146400006487966,0,
00:00:22.668,-0.00333246192894876,0.000579490850213915,-0.0120772318914533,0,
00:00:22.672,-0.00521982274949551,0.00696131912991405,0.00215644319541752,0,
00:00:22.676,-0.00355307082645595,0.00720508582890034,0.0142447520047426,0,
00:00:22.68,0.0099494606256485,0.0120705105364323,0.0010790271917358,0,
00:00:22.684,0.00252124341204762,-0.00600812304764986,-0.0103689813986421,0,
00:00:22.688,-0.00902564730495214,-0.0132111888378859,0.0146197369322181,0,
00:00:22.692,0.0017272854456678,0.00080274255014956,0.00649735331535339,0,
00:00:22.696,-0.00408531818538904,-0.00107173656579107,-0.0177209097892046,0,
00:00:22.7,0.00388991762883961,0.00753817101940513,-0.00640077609568834,0,
00:00:22.704,0.00972925033420324,-0.00512654194608331,0.00192765519022942,0,
00:00:22.708,-0.00934103410691023,-0.000419794843764976,-0.00313522922806442,0,
00:00:22.712,-0.00233503780327737,0.00839404109865427,0.0309441443532705,0,
00:00:22.716,-0.00123636797070503,-0.00571837974712253,-0.00114091497380286,0,
00:00:22.72,-0.0026703248731792,0.00223399652168155,-0.0267482325434685,0,
00:00:22.724,0.0148922726511955,0.000973450776655227,-0.0114586008712649,0,
00:00:22.728,-0.00260052154771984,-0.00562437390908599,0.00421908963471651,0,
00:00:22.732,-0.00354513386264443,-0.000433959299698472,0.0193468984216452,0,
00:00:22.736,0.00538014993071556,0.00163434480782598,0.00980974920094013,0,
00:00:22.74,-0.0113550880923867,0.00376968365162611,-0.0148800984025002,0,
00:00:22.744,-0.00653928657993674,-0.00319035723805428,0.00755003886297345,0,
00:00:22.748,0.00181616831105202,0.000312539137667045,-0.0101224966347218,0,
00:00:22.752,0.00617105746641755,-0.00112840195652097,0.00639531388878822,0,
00:00:22.756,0.00982597656548023,0.00242341891862452,-0.0122840264812112,0,
00:00:22.76,-0.00141082215122879,0.00563126616179943,-0.00434017786756158,0,
00:00:22.764,0.00228408258408308,-0.00630710367113352,0.0117679135873914,0,
00:00:22.768,-0.0107565959915519,-0.0067157968878746,0.011266459710896,0,
00:00:22.772,0.000422596029238775,0.00817407947033644,-0.00452573411166668,0,
00:00:22.776,-0.00225943559780717,-0.0035487967543304,-0.00363545282743871,0,
00:00:22.78,0.00455831084400415,0.00231249444186687,0.00192697194870561,0,
00:00:22.784,-0.00136052980087698,0.00817419402301311,0.00561823416501284,0,
00:00:22.788,0.0036003845743835,-0.00382291013374925,-0.019198639318347,0,
00:00:22.792,0.00129026372451335,-0.0143819088116288,5.54173784621526E-05,0,
00:00:22.796,-0.00772872241213918,0.00235447683371603,0.0126303443685174,0,
00:00:22.8,0.00139461504295468,0.0085616922006011,-0.00867374986410141,0,
00:00:22.804,-0.00313097424805164,0.00245170807465911,-0.00316994404420257,0,
00:00:22.808,0.0159374810755253,-0.00285911955870688,0.0152055220678449,0,
00:00:22.812,0.00523350900039077,0.000168404701980762,0.0119291730225086,0,
00:00:22.816,-0.015039237216115,0.00432597007602453,-0.00905934255570173,0,
00:00:22.82,-0.027562890201807,-0.00438770232722163,-0.00537968194112182,0,
00:00:22.824,0.0209785550832748,-0.0122954407706857,-0.0181394591927528,0,
00:00:22.828,0.0169316735118628,0.0090915048494935,0.00560781080275774,0,
00:00:22.832,-0.00693494034931064,0.00820488017052412,0.00243985000997782,0,
00:00:22.836,0.00163909036200494,-0.00067731732269749,-0.00220900820568204,0,
00:00:22.84,-0.0024451925419271,-0.00776641583070159,0.00190935027785599,0,
00:00:22.844,-0.00530442362651229,0.000940337253268808,0.0257564596831799,0,
00:00:22.848,0.00206099357455969,0.00839253142476082,0.0119048347696662,0,
00:00:22.852,-0.00266817235387862,-0.00921026431024075,-0.033721923828125,0,
00:00:22.856,0.00974379200488329,0.000647418317385018,-0.0129786739125848,0,
00:00:22.86,-0.00810382887721062,0.00189875194337219,0.00408225739374757,0,
00:00:22.864,-0.00991975981742144,-0.0035388465039432,0.00638877181336284,0,
00:00:22.868,0.0088085513561964,0.00135223008692265,0.0102324783802032,0,
00:00:22.872,0.00585605530068278,0.00446076598018408,0.00579345086589456,0,
00:00:22.876,0.00153223075903952,0.00155214860569686,-0.0108205992728472,0,
00:00:22.88,-0.00360014126636088,-0.00766388513147831,-0.00906389579176903,0,
00:00:22.884,-0.00262289610691369,-0.000714710564352572,0.0107757356017828,0,
00:00:22.888,0.00583727099001408,0.0028993918094784,0.000476441084174439,0,
00:00:22.892,-0.00698861107230186,0.00520608481019735,0.00244739255867898,0,
00:00:22.896,0.00449207192286849,0.00369824771769345,-0.000769828213378787,0,
00:00:22.9,-0.00415093870833516,-0.00380186690017581,-0.0154337752610445,0,
00:00:22.904,0.0018963385373354,-0.00468011014163494,0.00694384891539812,0,
00:00:22.908,0.00143417262006551,-0.00245215394534171,0.0105881365016103,0,
00:00:22.912,-0.00854583736509085,0.00221083941869438,0.0031523103825748,0,
00:00:22.916,0.000565699650906026,0.0017321816412732,-0.00765420543029904,0,
00:00:22.92,0.0115434816107154,-0.00597764365375042,0.0045675141736865,0,
00:00:22.924,0.00327357510104775,0.00529988761991262,-0.0149141000583768,0,
00:00:22.928,-0.00468397792428732,-0.00405513402074575,0.000300753687042743,0,
00:00:22.932,0.00993997044861317,0.0123152434825897,0.0119085563346744,0,
00:00:22.936,-0.0260168686509132,-0.00388644332997501,-0.00711335800588131,0,
00:00:22.94,0.00318352039903402,-0.00545288389548659,-0.00316805695183575,0,
00:00:22.944,0.00471098674461246,-6.90816377755255E-05,0.00966263841837645,0,
00:00:22.948,0.00703041674569249,0.0052389488555491,0.00396341923624277,0,
00:00:22.952,0.00956549681723118,-0.00535079510882497,0.00953781697899103,0,
00:00:22.956,-0.0108455494046211,-0.00126355630345643,-0.0109216459095478,0,
00:00:22.96,-0.00589211191982031,0.000996116083115339,-0.00697300583124161,0,
00:00:22.964,0.00200978340581059,0.00156687432900071,-0.01213663443923,0,
00:00:22.968,0.00107169453985989,-0.00098489539232105,-0.00313730002380908,0,
00:00:22.972,0.0139936087653041,0.0064213857986033,0.0139846429228783,0,
00:00:22.976,-0.00624924013391137,0.00153185694944113,0.00924008898437023,0,
00:00:22.98,-0.0172424558550119,-0.00966591760516167,0.00476872827857733,0,
00:00:22.984,-0.00262266118079424,-0.00501224910840392,-0.0125009985640645,0,
00:00:22.988,0.0134249804541469,0.00373693695291877,0.0125139486044645,0,
00:00:22.992,0.00513129867613316,0.00289415498264134,0.00342923519201577,0,
00:00:22.996,0.000533873739186674,0.00469988631084561,-0.0160539168864489,0,
00:00:23,0.00871976744383574,0.00372919579967856,-0.0173842255026102,0,
00:00:23.004,-0.0140871098265052,-0.00132067676167935,0.0032965587452054,0,
00:00:23.008,-0.00573405902832747,-0.0125047136098146,0.0153789827600121,0,
00:00:23.012,0.0022701951675117,0.00610193889588118,0.0118667744100094,0,
00:00:23.016,-0.00318671995773911,0.000793291197624058,-0.00745154311880469,0,
00:00:23.02,0.00534158898517489,-0.00261753215454519,-0.00268714129924774,0,
00:00:23.024,0.00481183640658855,0.00167399912606925,-0.00942961685359478,0,
00:00:23.028,0.00345346168614924,0.00183980003930628,0.0176803674548864,0,
00:00:23.032,-0.00341655570082366,0.000608746486250311,-0.00150787085294724,0,
00:00:23.036,0.00423305714502931,-0.000487081852043048,-0.0115397302433848,0,
00:00:23.04,-0.0224077831953764,-0.00297559681348503,-0.0161641258746386,0,
00:00:23.044,0.0137521401047707,0.00333906407468021,0.0136961350217462,0,
00:00:23.048,-0.00360170099884272,0.00147996190935373,0.0137071022763848,0,
00:00:23.052,0.0052496986463666,-0.00538238137960434,0.0104063339531422,0,
00:00:23.056,0.00411277683451772,0.00170811032876372,0.000612526957411319,0,
00:00:23.06,-0.00172167527489364,-0.00247587077319622,-0.0318236537277699,0,
00:00:23.064,-0.000292335986159742,-0.000169128223205917,-0.00185634614899755,0,
00:00:23.068,0.00302307493984699,0.00833461247384548,0.0082516148686409,0,
00:00:23.072,-0.00553670944646001,-0.0034600889775902,-0.000507641467265785,0,
00:00:23.076,-0.0106839090585709,-0.00771404849365354,0.0114098852500319,0,
00:00:23.08,0.013550017029047,0.0157969500869513,0.00609839940443635,0,
00:00:23.084,-0.000888344889972359,-0.00705752056092024,-0.00793063174933195,0,
00:00:23.088,-0.0115727707743645,-0.00761574273929,0.00642674649134278,0,
00:00:23.092,0.00862149614840746,-0.00168033025693148,-0.0083996094763279,0,
00:00:23.096,0.00743452180176973,0.00713390577584505,-0.0111413346603513,0,
00:00:23.1,-0.00128501246217638,0.00229944312013686,0.000797060900367796,0,
00:00:23.104,-0.00390373519621789,-0.00251352973282337,0.00435527833178639,0,
00:00:23.108,-0.00302367121912539,0.00264667719602585,0.0164481960237026,0,
00:00:23.112,-0.00513981794938445,-0.00154407718218863,-0.00337503594346344,0,
00:00:23.116,0.0129131497815251,-0.00407963152974844,-0.0110710933804512,0,
00:00:23.12,0.000853401434142143,0.00104057195130736,0.00206168158911169,0,
00:00:23.124,-0.0194312538951635,0.00393708562478423,0.0115039274096489,0,
00:00:23.128,0.000542613968718797,-0.00306788552552462,-0.0133599881082773,0,
00:00:23.132,0.0213365573436022,0.00442212354391813,0.000183848518645391,0,
00:00:23.136,0.00248079351149499,-0.00518142525106668,0.00257578026503325,0,
00:00:23.14,-0.00632308004423976,-0.000919285404961556,-0.000803289352916181,0,
00:00:23.144,-0.0112770302221179,0.00114514387678355,-0.00241060624830425,0,
00:00:23.148,-0.0123225953429937,-0.000597629346884787,0.00268435734324157,0,
00:00:23.152,0.0172393675893545,0.0049328375607729,-0.00140816159546375,0,
00:00:23.156,0.010577823035419,-0.00230829627253115,-0.00753307994455099,0,
00:00:23.16,-0.00163414608687162,-0.001977255102247,-0.00419207289814949,0,
00:00:23.164,-0.00564226089045405,0.00206375354900956,0.0598780810832977,0,
00:00:23.168,-0.00461719185113907,0.00541340000927448,-0.00818381272256374,0,
00:00:23.172,-0.00381329422816634,-0.00433423556387424,-0.0483789443969727,0,
00:00:23.176,0.00479632010683417,-0.00244296016171575,-0.00756241474300623,0,
00:00:23.18,-0.000552129757124931,-0.00551219005137682,-0.0154033750295639,0,
00:00:23.184,0.00219000712968409,-0.000516953179612756,0.00787357706576586,0,
00:00:23.188,0.00353053491562605,0.00567683391273022,0.0304208919405937,0,
00:00:23.192,-0.0040925252251327,0.00236190855503082,0.0118468087166548,0,
00:00:23.196,-0.000644663057755679,0.00300709367729723,-0.00281509128399193,0,
00:00:23.2,-0.00168781983666122,-0.00198367843404412,-0.00689575681462884,0,
00:00:23.204,0.00859341118484735,-0.000198137102415785,-0.00575264589861035,0,
00:00:23.208,-0.0103909010067582,0.00528950057923794,0.00130573881324381,0,
00:00:23.212,0.00316797941923141,-0.00527863297611475,0.00616920739412308,0,
00:00:23.216,0.00143646984361112,-0.0121455509215593,-0.00996722001582384,0,
00:00:23.22,0.00237633427605033,0.00146271206904203,-0.00509062828496099,0,
00:00:23.224,-0.0105372034013271,0.00393273634836078,0.00635762140154839,0,
00:00:23.228,0.00795821659266949,0.00485684396699071,-0.000742811535019428,0,
00:00:23.232,0.00624232599511743,0.00752507708966732,-0.00552266882732511,0,
00:00:23.236,-0.00420088740065694,-0.00102531618904322,-0.0022239328827709,0,
00:00:23.24,-3.30505645251833E-05,-0.00229860842227936,0.00834925845265388,0,
00:00:23.244,0.00320261670276523,-0.00795057695358992,-0.0100098960101604,0,
00:00:23.248,-0.0182456411421299,-0.00346663384698331,0.0170756485313177,0,
00:00:23.252,0.00707322126254439,0.00587871484458447,0.0270269215106964,0,
00:00:23.256,0.00701214140281081,0.00420543970540166,-0.0161561518907547,0,
00:00:23.26,0.00116889423225075,-0.00387842673808336,-0.0246018227189779,0,
00:00:23.264,-0.000507754506543279,-0.00233071879483759,-0.020421689376235,0,
00:00:23.268,0.00758957955986261,0.00488538993522525,0.02256771735847,0,
00:00:23.272,-0.00843650288879871,0.000332581403199583,0.00444457773119211,0,
00:00:23.276,-0.00274995760992169,-0.00132639729417861,-0.00160843168850988,0,
00:00:23.28,0.00138002308085561,-0.0033516539260745,-0.00151253479998559,0,
00:00:23.284,-0.016315033659339,-0.00065409840317443,0.00452156085520983,0,
00:00:23.288,0.0148924058303237,0.00582733610644937,0.00605238135904074,0,
00:00:23.292,0.0080259507521987,0.00239046802744269,-0.00520486664026976,0,
00:00:23.296,0.000973797286860645,-0.0038307465147227,0.00476178899407387,0,
00:00:23.3,-0.0010623496491462,-0.00552815897390246,0.000646917906124145,0,
00:00:23.304,-0.00380241521634161,0.00513773132115602,-0.00608719000592828,0,
00:00:23.308,-0.0102787129580975,-0.00336412037722766,-0.00302191940136254,0,
00:00:23.312,0.00367093388922513,0.00473469449207187,-0.00340276607312262,0,
00:00:23.316,0.00285763922147453,-0.00841848738491535,-0.0021009691990912,0,
00:00:23.32,-0.00222193170338869,0.00393903627991676,0.00870376639068127,0,
00:00:23.324,0.00686592049896717,0.00696355756372213,-0.00962716527283192,0,
00:00:23.328,0.00122696079779416,-0.000201174058020115,0.00456908531486988,0,
00:00:23.332,-0.00601973943412304,-0.00697107287123799,0.0217226222157478,0,
00:00:23.336,0.0139077343046665,0.00555133959278464,-0.0161889437586069,0,
00:00:23.34,-0.0205661021173,-0.00384895340539515,0.0105526186525822,0,
00:00:23.344,0.00211385823786259,-0.000702931545674801,-0.00690059131011367,0,
00:00:23.348,0.00614008400589228,0.00260749273002148,-0.0221129897981882,0,
00:00:23.352,0.00736716063693166,-0.0012583154020831,0.00893853418529034,0,
00:00:23.356,-0.016765097156167,-0.00327157904393971,0.00450522592291236,0,
00:00:23.36,0.00435855844989419,-0.000175389490323141,-0.000794218620285392,0,
00:00:23.364,0.0177764594554901,0.00433836784213781,0.0082843080163002,0,
00:00:23.368,-0.0168388169258833,0.00266404263675213,0.00209833262488246,0,
00:00:23.372,0.000658371776808053,-0.000163980250363238,-0.0100986063480377,0,
00:00:23.376,0.00418157456442714,0.000250896002398804,0.0110968640074134,0,
00:00:23.38,0.00844299606978893,-0.00389821501448751,-0.00378599413670599,0,
00:00:23.384,-0.0105080706998706,-0.00269894907251,-0.00315864151343703,0,
00:00:23.388,-0.00275303260423243,-0.00228249281644821,0.00428792694583535,0,
00:00:23.392,0.00316358194686472,0.00343962130136788,-0.0085046673193574,0,
00:00:23.396,0.00221704691648483,0.00549955992028117,-0.0127608068287373,0,
00:00:23.4,-0.00620718533173203,-0.000651848269626498,0.00782603956758976,0,
00:00:23.404,0.00472176168113947,-0.000169276376254857,0.00740510364994407,0,
00:00:23.408,0.00166466226801276,-0.00567493587732315,0.0396329648792744,0,
00:00:23.412,-0.00213216012343764,-9.22779581742361E-05,-0.0159852057695389,0,
00:00:23.416,0.00538152456283569,0.00606482196599245,-0.0428541004657745,0,
00:00:23.42,-0.00512659596279264,-0.00427957950159907,-0.00754768867045641,0,
00:00:23.424,0.000533179263584316,-0.00265505467541516,0.0166801400482655,0,
00:00:23.428,0.000495278160087764,0.00512519897893071,0.0228702612221241,0,
00:00:23.432,-0.00676315417513251,-0.0012133406708017,0.00133306917268783,0,
00:00:23.436,0.0050084674730897,0.0010916575556621,-0.0108159137889743,0,
00:00:23.44,0.00850245729088783,0.000527520081959665,0.00354234362021089,0,
00:00:23.444,-0.00754401460289955,-0.000478506117360666,-0.012155850417912,0,
00:00:23.448,-0.0117729650810361,0.00113796174991876,0.00145303376484662,0,
00:00:23.452,0.0123781617730856,-0.00689759664237499,0.00465141888707876,0,
00:00:23.456,0.00887959450483322,0.00824060849845409,0.00310142361558974,0,
00:00:23.46,-0.00867568235844374,-0.00682672532275319,0.00675096688792109,0,
00:00:23.464,-5.65135742363054E-05,0.000580189866013825,-0.0154205309227109,0,
00:00:23.468,-0.00372858881019056,0.00658742664381862,0.00346016138792038,0,
00:00:23.472,0.00319101032800972,-0.00438046595081687,-0.00322845834307373,0,
00:00:23.476,-0.00210432684980333,-0.00314640160650015,0.00934761296957731,0,
00:00:23.48,0.00143285433296114,0.000473332824185491,0.0132254483178258,0,
00:00:23.484,-0.00265615154057741,0.0086970217525959,-0.011789090000093,0,
00:00:23.488,0.00853545777499676,0.00467921094968915,-0.0158587228506804,0,
00:00:23.492,0.000940693484153599,-0.00980006344616413,-0.00580629287287593,0,
00:00:23.496,-0.00568163162097335,-0.0157225970178843,0.0105005577206612,0,
00:00:23.5,-0.0104940943419933,0.0049657397903502,0.0192713532596827,0,
00:00:23.504,0.00933817867189646,0.0163148678839207,0.00522609893232584,0,
00:00:23.508,0.00897738616913557,0.00495883729308844,-0.0178837347775698,0,
00:00:23.512,-0.0124998707324266,-0.0077077392488718,-0.0118045518174767,0,
00:00:23.516,-0.000238180786254816,-0.00450697587803006,-6.98335206834599E-05,0,
00:00:23.52,0.00549522507935762,-0.00368332350626588,0.0152204027399421,0,
00:00:23.524,-0.00134325865656137,0.00237527512945235,0.00366680463775992,0,
00:00:23.528,0.00104175787419081,0.00498635694384575,-0.00241562561132014,0,
00:00:23.532,0.00271163461729884,0.00147500308230519,0.0022924046497792,0,
00:00:23.536,-0.000214610394323245,-0.00589465955272317,-0.0128239439800382,0,
00:00:23.54,-0.000290302617941052,-0.00289936363697052,-0.00587841123342514,0,
00:00:23.544,-0.0148211168125272,0.00333937257528305,0.00953784957528114,0,
00:00:23.548,0.00493844412267208,0.00529813393950462,0.00134620512835681,0,
00:00:23.552,0.00400184141471982,-0.000941663107369095,0.0154925268143415,0,
00:00:23.556,0.0145285287871957,-0.000389156339224428,-0.0144022386521101,0,
00:00:23.56,-0.00500715663656592,-0.00573596311733127,0.00195960560813546,0,
00:00:23.564,-0.00754902977496386,-1.25530277728103E-05,-0.00525835203006864,0,
00:00:23.568,0.000447892904048786,-2.06908171094256E-05,-0.00485573150217533,0,
00:00:23.572,0.000687109830323607,0.00384705420583487,-0.000983487349003553,0,
00:00:23.576,-0.00466476799920201,0.00451232865452766,0.00670781871303916,0,
00:00:23.58,0.00505417445674539,0.00214304565452039,0.0145205212756991,0,
00:00:23.584,-0.00133470736909658,-0.0112870251759887,-0.00765007501468062,0,
00:00:23.588,-0.00747997546568513,-0.0012096930295229,-0.0121267335489392,0,
00:00:23.592,0.00208404893055558,0.00486251059919596,0.0267127472907305,0,
00:00:23.596,0.0163356028497219,-0.00315262004733086,-0.0201032347977161,0,
00:00:23.6,-0.000962841033469886,0.00380827696062624,-0.0116768395528197,0,
00:00:23.604,-0.00868554785847664,0.000964982958976179,0.00446835299953818,0,
00:00:23.608,-0.00558666558936238,0.00638606119900942,0.0072604981251061,0,
00:00:23.612,0.00580033101141453,-0.00605902820825577,-0.00192237854935229,0,
00:00:23.616,0.00097121816361323,-0.00316167552955449,0.000178439688170329,0,
00:00:23.62,-0.00569370109587908,-0.00290196808055043,0.00899863336235285,0,
00:00:23.624,-0.00402609771117568,0.00260012433864176,0.00526499561965466,0,
00:00:23.628,0.0146903479471803,0.004843361210078,-0.0136991264298558,0,
00:00:23.632,-0.00859162490814924,-0.000873599376063794,-0.00167990219779313,0,
00:00:23.636,0.000686993880663067,-0.00206599570810795,0.00811810977756977,0,
00:00:23.64,0.00227050436660647,0.00290004117414355,-0.0103709483519197,0,
00:00:23.644,0.000956067175138742,-0.00610622530803084,-0.000417870032833889,0,
00:00:23.648,0.00774862384423614,-0.000668677501380444,0.0123635670170188,0,
00:00:23.652,-0.0174150392413139,0.0020389030687511,0.00030521335429512,0,
00:00:23.656,0.000323618354741484,0.000248404976446182,-0.0107282493263483,0,
00:00:23.66,0.00546212820336223,0.00533760106191039,-0.00865749549120665,0,
00:00:23.664,0.0021733317989856,0.00178047840017825,0.00478749442845583,0,
00:00:23.668,0.00939288921654224,-0.00833349674940109,0.0214690901339054,0,
00:00:23.672,-0.0116679901257157,-0.00167545129079372,0.0131921311840415,0,
00:00:23.676,-0.000779278692789376,0.00430366909131408,-0.0138601567596197,0,
00:00:23.68,-2.82848995993845E-05,0.00514652021229267,-0.0261413995176554,0,
00:00:23.684,0.00346564035862684,-0.00174946954939514,-0.0163739304989576,0,
00:00:23.688,0.00600202567875385,-0.00324706453830004,0.0165551509708166,0,
00:00:23.692,-0.00853842217475176,-0.00412054965272546,0.0122273182496428,0,
00:00:23.696,0.00323179224506021,0.00379645125940442,0.0100953951478004,0,
00:00:23.7,-0.0066266804933548,0.00267663993872702,0.00496568204835057,0,
00:00:23.704,0.00206343689933419,-0.006381721701473,-0.00518628722056746,0,
00:00:23.708,0.00347844883799553,0.00419302843511105,0.00727745238691568,0,
00:00:23.712,0.00394162395969033,0.00533089367672801,-0.0248793940991163,0,
00:00:23.716,-0.00622433284297585,-0.00837600044906139,-0.00472899898886681,0,
00:00:23.72,0.00319824297912419,-0.002096779178828,0.00930028036236763,0,
00:00:23.724,0.0019591732416302,0.00644761044532061,-0.00304338452406228,0,
00:00:23.728,0.00311237899586558,0.00566181726753712,0.0135768419131637,0,
00:00:23.732,-0.00636561773717403,-0.007042464800179,0.00187580706551671,0,
00:00:23.736,-0.0197356268763542,-0.00500217126682401,-0.00816293340176344,0,
00:00:23.74,0.0108390478417277,0.00215373584069312,-0.00707614747807384,0,
00:00:23.744,0.0116452956572175,0.0052929911762476,0.000219527384615503,0,
00:00:23.748,0.00796926487237215,-0.00233846600167453,0.0109999729320407,0,
00:00:23.752,0.0101073309779167,0.00441144127398729,0.011438868008554,0,
00:00:23.756,-0.0153503399342299,-0.00770818954333663,-0.0185582935810089,0,
00:00:23.76,-0.024599289521575,0.00054409826407209,0.00554130924865603,0,
00:00:23.764,0.00549975875765085,0.00246474170126021,-0.00508890254423022,0,
00:00:23.768,0.0162454973906279,0.00366189423948526,-0.00552031910046935,0,
00:00:23.772,-0.000305645720800385,-0.00182511610910296,0.000692825589794666,0,
00:00:23.776,0.00605659373104572,-0.00447455840185285,0.00895076151937246,0,
00:00:23.78,-0.0103321131318808,0.00296380394138396,-0.00112100946716964,0,
00:00:23.784,0.000590693845879287,-0.00212848605588079,0.00116937863640487,0,
00:00:23.788,0.00426088320091367,-0.000624733103904873,0.0051448717713356,0,
00:00:23.792,0.000834024220239371,0.00970028713345528,0.0104807801544666,0,
00:00:23.796,-0.00639228010550141,-0.00386862363666296,-0.0222326498478651,0,
00:00:23.8,-0.00099500676151365,-0.00524105643853545,-0.0194574352353811,0,
00:00:23.804,0.00567498197779059,-0.0042415396310389,0.0169174894690514,0,
00:00:23.808,-0.00618466688320041,0.00496336771175265,0.0143502550199628,0,
00:00:23.812,-0.0043755155056715,-0.000142904158565216,0.0150008555501699,0,
00:00:23.816,0.0132267437875271,0.00246767117641866,-0.0131158074364066,0,
00:00:23.82,0.000505022529978305,0.00353269139304757,-0.0122817298397422,0,
00:00:23.824,0.0135043002665043,-0.00222552800551057,-0.0119115095585585,0,
00:00:23.828,-0.0225403178483248,-0.00288825901225209,0.00674098217859864,0,
00:00:23.832,-0.0225713402032852,-0.00145395484287292,0.00918200425803661,0,
00:00:23.836,0.0223854593932629,0.000134750662255101,-0.0033856276422739,0,
00:00:23.84,0.0181924123317003,0.000987065490335226,0.00583012215793133,0,
00:00:23.844,-0.00620188610628247,0.0010164137929678,0.00994424615055323,0,
00:00:23.848,-0.0153440507128835,-0.00151483423542231,-0.0108324754983187,0,
00:00:23.852,0.00580906728282571,0.00200692028738558,-0.00643589813262224,0,
00:00:23.856,0.0121537260711193,0.00341471121646464,0.00962934084236622,0,
00:00:23.86,-0.00737145729362965,-9.6528725407552E-05,-0.00934369023889303,0,
00:00:23.864,-0.0122364340350032,-0.00679290667176247,-0.00519576715305448,0,
00:00:23.868,0.00140777439810336,-0.000950336630921811,0.0107963969931006,0,
00:00:23.872,0.00559775345027447,0.00173611415084451,0.00234810099937022,0,
00:00:23.876,0.00649733422324061,4.23284063799656E-06,0.000772215076722205,0,
00:00:23.88,0.00363626633770764,0.00526515394449234,-0.0102174216881394,0,
00:00:23.884,-0.0169298984110355,-0.00226959493011236,0.00297336024232209,0,
00:00:23.888,0.00448591448366642,-4.11530854762532E-05,0.000294570869300514,0,
00:00:23.892,0.0112230591475964,-0.00216398038901389,0.00156135892029852,0,
00:00:23.896,0.00100170751102269,0.00355286756530404,0.0187823381274939,0,
00:00:23.9,-0.0149550577625632,-0.000924753549043089,0.000148649007314816,0,
00:00:23.904,0.00684856623411179,-0.0018225273815915,-0.0227267704904079,0,
00:00:23.908,-0.00271288305521011,-0.00104097777511925,-0.028185173869133,0,
00:00:23.912,0.00943583063781261,3.29628528561443E-05,0.0170547720044851,0,
00:00:23.916,0.000516043277457356,0.000680532830301672,0.0296042319387197,0,
00:00:23.92,-0.0110430903732777,-0.00754434196278453,-0.0126641858369112,0,
00:00:23.924,-0.00960350781679153,0.0228955000638962,0.00716639216989279,0,
00:00:23.928,0.00813160557299852,-0.00717851240187883,0.000800232170149684,0,
00:00:23.932,0.0173327159136534,-0.0130469258874655,0.00369388028047979,0,
00:00:23.936,-0.00213867286220193,-0.007050855550915,-0.0239964704960585,0,
00:00:23.94,-0.0224495679140091,0.00510661397129297,-0.00230484851635993,0,
00:00:23.944,0.00988425128161907,0.0100318025797606,0.0069717220030725,0,
00:00:23.948,0.00989543739706278,0.00734496209770441,0.00133944512344897,0,
00:00:23.952,-0.0110671669244766,-0.00265852548182011,0.0223964620381594,0,
00:00:23.956,0.00508306222036481,-0.00556937605142593,-0.00480199046432972,0,
00:00:23.96,-0.00012754718773067,-0.00416163029149175,-0.0177433844655752,0,
00:00:23.964,0.00739952782168984,-0.00546595174819231,-0.00807793438434601,0,
00:00:23.968,-0.0123858852311969,0.0111427959054708,0.00942626129835844,0,
00:00:23.972,0.00589848915114999,-0.00284336600452662,0.0105568263679743,0,
00:00:23.976,-0.0153449941426516,0.00106094661168754,-0.00594798102974892,0,
00:00:23.98,0.0134630082175136,-0.00806092098355293,-0.0107333557680249,0,
00:00:23.984,0.0164187885820866,0.0089786583557725,0.0167453829199076,0,
00:00:23.988,-0.0122501868754625,0.00123039295431226,0.0210404917597771,0,
00:00:23.992,-0.00956599786877632,-0.0017813085578382,-0.030645402148366,0,
00:00:23.996,-0.00256506307050586,-0.00197977386415005,-0.0164338145405054,0,
00:00:24,0.000617181591223925,-0.000994177768006921,0.00797628052532673,0,
00:00:24.004,0.0146472817286849,-0.00202171574346721,0.0136299831792712,0,
00:00:24.008,-0.011320467106998,0.00260263960808516,0.000254362996201962,0,
00:00:24.012,0.000473452091682702,0.00231027510017157,-0.0078743752092123,0,
00:00:24.016,0.00413812231272459,0.000563673907890916,0.00754646910354495,0,
00:00:24.02,0.00927283987402916,-0.00287355436012149,0.00553170079365373,0,
00:00:24.024,0.000779360765591264,0.000767933146562427,0.00576786790043116,0,
00:00:24.028,-0.0123066585510969,0.00285076466389,0.000265107344603166,0,
00:00:24.032,-0.00955488439649343,0.00210251472890377,-0.0254276525229216,0,
00:00:24.036,0.00663436064496636,-0.00826758425682783,-0.00727395806461573,0,
00:00:24.04,0.00692553212866187,-0.00207198923453689,0.00439512403681874,0,
00:00:24.044,0.000263139547314495,-0.000202113107661717,0.0211515203118324,0,
00:00:24.048,-0.00576714891940355,0.0070353033952415,0.00797932595014572,0,
00:00:24.052,0.00470183044672012,0.00179612392093986,-0.0140634346753359,0,
00:00:24.056,0.000864970963448286,-0.00293631106615067,0.00360406446270645,0,
00:00:24.06,-0.00105616077780724,0.000360077421646565,-0.0110004618763924,0,
00:00:24.064,0.00275757699273527,-0.00167853792663664,0.00444143591448665,0,
00:00:24.068,-0.00895476341247559,0.00581918377429247,0.00496923737227917,0,
00:00:24.072,0.00677465787157416,-0.0030021311249584,-0.00500722089782357,0,
00:00:24.076,-0.0088489530608058,-0.00784911122173071,-0.00203065061941743,0,
00:00:24.08,-0.00891238730400801,0.00252851541154087,0.0145932724699378,0,
00:00:24.084,0.0190521813929081,0.0040658381767571,-0.00622765207663178,0,
00:00:24.088,0.0247916541993618,0.00415266258642077,-0.00319984182715416,0,
00:00:24.092,-0.0233275853097439,-0.00012168068496976,0.00207075965590775,0,
00:00:24.096,-0.0047119501978159,-0.0092008076608181,-0.0111897205933928,0,
00:00:24.1,-0.00584439979866147,0.000697278243023902,-0.00350912660360336,0,
00:00:24.104,-0.00612823804840446,0.0052775046788156,0.0113110337406397,0,
00:00:24.108,0.00174761435482651,0.00234311982057989,0.00607409980148077,0,
00:00:24.112,0.0150658469647169,-0.00316325086168945,-0.00551099563017488,0,
00:00:24.116,-0.026202030479908,-0.00675759930163622,0.00759420404210687,0,
00:00:24.12,0.0266189835965633,0.00142532284371555,-0.00216752314008772,0,
00:00:24.124,0.0541450977325439,0.0146578568965197,0.00344643439166248,0,
00:00:24.128,-0.0519356355071068,-0.0106834154576063,-0.00511410646140575,0,
00:00:24.132,-0.0344499312341213,0.000867527851369232,-0.0195192731916904,0,
00:00:24.136,-0.00247762515209615,0.00159810914192349,0.00147887715138495,0,
00:00:24.14,0.00230472953990102,-0.00653775129467249,0.00753919221460819,0,
00:00:24.144,0.0223806463181973,0.00650811707600951,0.012650697492063,0,
00:00:24.148,0.05457628890872,0.00159915932454169,-0.00500230584293604,0,
00:00:24.152,-0.0248586479574442,-0.00573356589302421,0.00329435314051807,0,
00:00:24.156,-0.0221380200237036,-0.000433689536293969,0.00618493882939219,0,
00:00:24.16,-0.0179293714463711,-0.0023887949064374,0.00517340889200568,0,
00:00:24.164,-0.0039079706184566,0.00573927769437432,-0.0058609270490706,0,
00:00:24.168,0.00889294221997261,0.00826850067824125,-0.0254313834011555,0,
00:00:24.172,0.00392149621620774,-0.00374846416525543,-0.000701464305166155,0,
00:00:24.176,0.00963909924030304,-0.00979882385581732,0.00277118291705847,0,
00:00:24.18,0.00131290499120951,0.000848979514557868,0.0169025827199221,0,
00:00:24.184,0.0117428610101342,0.00746150966733694,0.00325828953646123,0,
00:00:24.188,-0.0107782613486052,-0.00175603083334863,0.000637562829069793,0,
00:00:24.192,-0.0086597241461277,-0.00500605581328273,-0.00636520469561219,0,
00:00:24.196,-0.00132676807697862,0.000782022369094193,0.00064142415067181,0,
00:00:24.2,-0.0112785007804632,0.00223810761235654,0.00272813462652266,0,
00:00:24.204,0.0051210718229413,-0.00261727231554687,0.00141836563125253,0,
00:00:24.208,0.0355163253843784,0.00839400384575129,-0.00285499589517713,0,
00:00:24.212,-0.00967967696487904,0.000829319644253701,-0.0126376869156957,0,
00:00:24.216,-0.0257788896560669,-0.00780063774436712,-0.00119612121488899,0,
00:00:24.22,0.00251648877747357,-0.00229064770974219,0.0121778091415763,0,
00:00:24.224,0.0113224545493722,0.00299117690883577,0.00518099823966622,0,
00:00:24.228,-0.0107166832312942,-0.00416986271739006,-0.00486059812828898,0,
00:00:24.232,0.00822520721703768,0.00801784545183182,-0.00358546199277043,0,
00:00:24.236,0.00359847862273455,-0.00231515965424478,-0.00632092449814081,0,
00:00:24.24,-0.0238814167678356,0.00174329627770931,0.00577677832916379,0,
00:00:24.244,0.0291045717895031,0.000127101797261275,0.0171579923480749,0,
00:00:24.248,-0.0150606352835894,-0.00374191300943494,0.00550268869847059,0,
00:00:24.252,0.0209326576441526,-0.00623012380674481,-0.0191288981586695,0,
00:00:24.256,-0.00102753890678287,0.00230305828154087,-0.00551720475777984,0,
00:00:24.26,-0.0168350134044886,0.00702022761106491,-0.00723641505464911,0,
00:00:24.264,-0.010078945197165,0.00368071859702468,0.00248023797757924,0,
00:00:24.268,0.00264885020442307,-0.000692017085384578,0.00415577832609415,0,
00:00:24.272,0.00887628924101591,-0.00300698075443506,0.00108483748044819,0,
00:00:24.276,0.00763420760631561,0.00122213608119637,0.00784055609256029,0,
00:00:24.28,-0.00768948066979647,-0.00751496991142631,0.00245710648596287,0,
00:00:24.284,0.00169405271299183,0.000851602759212255,-0.00703013595193625,0,
00:00:24.288,0.00167913921177387,0.000331353396177292,0.00367219420149922,0,
00:00:24.292,-0.00462659727782011,0.00137244747020304,0.0172086376696825,0,
00:00:24.296,-0.00192854332271963,-0.00237040291540325,-0.0167773403227329,0,
00:00:24.3,0.00150997471064329,0.00729430932551622,-0.0207466408610344,0,
00:00:24.304,-0.00549927726387978,-0.000420173833845183,0.0200661402195692,0,
00:00:24.308,0.00373654160648584,0.000275580066954717,0.0161780044436455,0,
00:00:24.312,0.0462029613554478,-0.000945256848353893,-0.0282212421298027,0,
00:00:24.316,-0.020530678331852,-0.00165731960441917,-0.00897456519305706,0,
